     0.00000
     0.40000
     0.79231
     1.17692
     1.55385
     1.92308
     2.28462
     2.63846
     2.98462
     3.32308
     3.65385
     3.97692
     4.29231
     4.60000
     4.90000
     5.19231
     5.47692
     5.75385
     6.02308
     6.28462
     6.53846
     6.78462
     7.02308
     7.25385
     7.47692
     7.69231
     7.90000
     8.10000
     8.29231
     8.47692
     8.65385
     8.82308
     8.98462
     9.13846
     9.28462
     9.42308
     9.55385
     9.67692
     9.79231
     9.90000
    10.00000
    10.10000
    10.20000
    10.30000
    10.40000
    10.50000
    10.60000
    10.70000
    10.80000
    10.90000
    11.00000
    11.10000
    11.20000
    11.30000
    11.40000
    11.50000
    11.60000
    11.70000
    11.80000
    11.90000
    12.00000
    12.10000
