     0.00000
     0.30000
     0.60000
     0.90000
     1.20000
     1.50000
     1.80000
     2.10000
     2.40000
     2.70000
     3.00000
     3.30000
     3.60000
     3.90000
     4.20000
     4.50000
     4.80000
     5.10000
     5.40000
     5.70000
     6.00000
     6.30000
     6.60000
     6.90000
     7.20000
     7.50000
     7.80000
     8.10000
     8.40000
     8.70000
     9.00000
     9.30000
     9.60000
     9.90000
    10.20000
    10.50000
    10.80000
    11.10000
    11.40000
    11.70000
    12.00000
    12.30000
