  0.0000  0.0000000E+00  0.0000000E+00  0.0000000E+00  0.3750000E-04  0.2109375E-05  0.0000000E+00  0.0000000E+00  0.0000000E+00  0.0000000E+00  0.0000000E+00  0.0000000E+00  0.0000000E+00
  0.0523  0.5036081E-03  0.1104949E-04  0.9878649E-03  0.3726313E-04  0.2091076E-05  0.1655045E-08  0.3395580E-10  0.0000000E+00 -0.1175759E+06  0.0000000E+00  0.0000000E+00  0.0000000E+00
  0.1017  0.7567044E-03  0.1873108E-05  0.1484862E-02  0.3716467E-04  0.2080128E-05  0.2780834E-09  0.4104859E-11  0.0000000E+00 -0.1175758E+06  0.0000000E+00  0.0000000E+00  0.0000000E+00
  0.1515  0.7725723E-03  0.7173839E-06  0.1515883E-02  0.3686543E-04  0.2058144E-05  0.1203853E-09  0.5163869E-11  0.0000000E+00 -0.1175770E+06  0.0000000E+00  0.0000000E+00  0.0000000E+00
  0.2093  0.5049223E-03  0.8496499E-05  0.9901800E-03  0.3674280E-04  0.2045609E-05  0.1294168E-08  0.4113445E-10  0.0000000E+00 -0.1175799E+06  0.0000000E+00  0.0000000E+00  0.0000000E+00
  0.2528  0.1332876E-03  0.1727751E-04  0.2613658E-03  0.3665100E-04  0.2036367E-05  0.2648836E-08  0.7690828E-10  0.0000000E+00 -0.1175829E+06  0.0000000E+00  0.0000000E+00  0.0000000E+00
  0.3008 -0.3950458E-03  0.2539969E-04 -0.7729014E-03  0.3655062E-04  0.2026293E-05  0.3920384E-08  0.1035805E-09  0.0000000E+00 -0.1175865E+06  0.0000000E+00  0.0000000E+00  0.0000000E+00
  0.3508 -0.1010031E-02  0.2867843E-04 -0.1974441E-02  0.3645090E-04  0.2016071E-05  0.4355474E-08  0.1052860E-09  0.0000000E+00 -0.1175901E+06  0.0000000E+00  0.0000000E+00  0.0000000E+00
  0.4008 -0.1619116E-02  0.2593258E-04 -0.3162483E-02  0.3635027E-04  0.2005736E-05  0.3962669E-08  0.8010716E-10  0.0000000E+00 -0.1175931E+06  0.0000000E+00  0.0000000E+00  0.0000000E+00
  0.4508 -0.2156310E-02  0.1940944E-04 -0.4209401E-02  0.3625172E-04  0.1995455E-05  0.3062806E-08  0.4386949E-10  0.0000000E+00 -0.1175947E+06  0.0000000E+00  0.0000000E+00  0.0000000E+00
  0.5008 -0.2571253E-02  0.1285448E-04 -0.5018430E-02  0.3615403E-04  0.1985197E-05  0.2180765E-08  0.2007477E-10  0.0000000E+00 -0.1175948E+06  0.0000000E+00  0.0000000E+00  0.0000000E+00
  0.5508 -0.2835784E-02  0.9361750E-05 -0.5535570E-02  0.3605732E-04  0.1975027E-05  0.1853208E-08  0.2620264E-10  0.0000000E+00 -0.1175930E+06  0.0000000E+00  0.0000000E+00  0.0000000E+00
  0.6008 -0.2947220E-02  0.9823614E-05 -0.5755465E-02  0.3596161E-04  0.1965003E-05  0.2330344E-08  0.6289540E-10  0.0000000E+00 -0.1175894E+06  0.0000000E+00  0.0000000E+00  0.0000000E+00
  0.6508 -0.2927897E-02  0.1278520E-04 -0.5720675E-02  0.3586487E-04  0.1955049E-05  0.3332110E-08  0.1123829E-09  0.0000000E+00 -0.1175842E+06  0.0000000E+00  0.0000000E+00  0.0000000E+00
  0.7008 -0.2821256E-02  0.1567722E-04 -0.5514727E-02  0.3576966E-04  0.1945332E-05  0.4219826E-08  0.1481592E-09  0.0000000E+00 -0.1175780E+06  0.0000000E+00  0.0000000E+00  0.0000000E+00
  0.7508 -0.2684320E-02  0.1661335E-04 -0.5248219E-02  0.3567559E-04  0.1935845E-05  0.4497263E-08  0.1510447E-09  0.0000000E+00 -0.1175712E+06  0.0000000E+00  0.0000000E+00  0.0000000E+00
  0.8008 -0.2578262E-02  0.1563439E-04 -0.5040794E-02  0.3558145E-04  0.1926533E-05  0.4198667E-08  0.1217314E-09  0.0000000E+00 -0.1175648E+06  0.0000000E+00  0.0000000E+00  0.0000000E+00
  0.8508 -0.2558545E-02  0.1463296E-04 -0.5001680E-02  0.3548872E-04  0.1917482E-05  0.3883736E-08  0.8151364E-10  0.0000000E+00 -0.1175592E+06  0.0000000E+00  0.0000000E+00  0.0000000E+00
  0.9008 -0.2665499E-02  0.1600351E-04 -0.5210624E-02  0.3539557E-04  0.1908573E-05  0.3980079E-08  0.5986561E-10  0.0000000E+00 -0.1175553E+06  0.0000000E+00  0.0000000E+00  0.0000000E+00
  0.9508 -0.2917185E-02  0.2086647E-04 -0.5703294E-02  0.3530220E-04  0.1899759E-05  0.4635760E-08  0.7565776E-10  0.0000000E+00 -0.1175534E+06  0.0000000E+00  0.0000000E+00  0.0000000E+00
  1.0008 -0.3305471E-02  0.2800832E-04 -0.6463354E-02  0.3520849E-04  0.1890936E-05  0.5819536E-08  0.1235529E-09  0.0000000E+00 -0.1175536E+06  0.0000000E+00  0.0000000E+00  0.0000000E+00
  1.0508 -0.3795942E-02  0.3429433E-04 -0.7422637E-02  0.3511522E-04  0.1882029E-05  0.6799597E-08  0.1763204E-09  0.0000000E+00 -0.1175558E+06  0.0000000E+00  0.0000000E+00  0.0000000E+00
  1.1008 -0.4331857E-02  0.3643783E-04 -0.8469580E-02  0.3502285E-04  0.1872961E-05  0.6974614E-08  0.2016391E-09  0.0000000E+00 -0.1175596E+06  0.0000000E+00  0.0000000E+00  0.0000000E+00
  1.1508 -0.4841508E-02  0.3315224E-04 -0.9464214E-02  0.3493036E-04  0.1863632E-05  0.6411225E-08  0.1825930E-09  0.0000000E+00 -0.1175645E+06  0.0000000E+00  0.0000000E+00  0.0000000E+00
  1.2008 -0.5248113E-02  0.2639251E-04 -0.1025753E-01  0.3483942E-04  0.1854177E-05  0.5449569E-08  0.1326507E-09  0.0000000E+00 -0.1175698E+06  0.0000000E+00  0.0000000E+00  0.0000000E+00
  1.2508 -0.5480807E-02  0.2082932E-04 -0.1071234E-01  0.3474941E-04  0.1844684E-05  0.4832474E-08  0.9094396E-10  0.0000000E+00 -0.1175749E+06  0.0000000E+00  0.0000000E+00  0.0000000E+00
  1.3008 -0.5485205E-02  0.2165157E-04 -0.1072283E-01  0.3465948E-04  0.1835275E-05  0.5422424E-08  0.9882710E-10  0.0000000E+00 -0.1175790E+06  0.0000000E+00  0.0000000E+00  0.0000000E+00
  1.3508 -0.5231981E-02  0.3175499E-04 -0.1023061E-01  0.3457179E-04  0.1826231E-05  0.7616160E-08  0.1736059E-09  0.0000000E+00 -0.1175818E+06  0.0000000E+00  0.0000000E+00  0.0000000E+00
  1.4008 -0.4722209E-02  0.4981190E-04 -0.9235132E-02  0.3448568E-04  0.1817607E-05  0.1084512E-07  0.2939440E-09  0.0000000E+00 -0.1175831E+06  0.0000000E+00  0.0000000E+00  0.0000000E+00
  1.4508 -0.3988627E-02  0.7036863E-04 -0.7797167E-02  0.3440084E-04  0.1809386E-05  0.1357931E-07  0.4072509E-09  0.0000000E+00 -0.1175827E+06  0.0000000E+00  0.0000000E+00  0.0000000E+00
  1.5008 -0.3092543E-02  0.8610764E-04 -0.6034360E-02  0.3431705E-04  0.1801455E-05  0.1532971E-07  0.4597828E-09  0.0000000E+00 -0.1175808E+06  0.0000000E+00  0.0000000E+00  0.0000000E+00
  1.5508 -0.2116741E-02  0.9127594E-04 -0.4108760E-02  0.3423394E-04  0.1793630E-05  0.1574635E-07  0.4284742E-09  0.0000000E+00 -0.1175780E+06  0.0000000E+00  0.0000000E+00  0.0000000E+00
  1.6008 -0.1155285E-02  0.8458664E-04 -0.2207342E-02  0.3415114E-04  0.1785730E-05  0.1493589E-07  0.3315988E-09  0.0000000E+00 -0.1175749E+06  0.0000000E+00  0.0000000E+00  0.0000000E+00
  1.6508 -0.3016046E-03  0.7003859E-04 -0.5178610E-03  0.3406831E-04  0.1777631E-05  0.1411938E-07  0.2336085E-09  0.0000000E+00 -0.1175722E+06  0.0000000E+00  0.0000000E+00  0.0000000E+00
  1.7008  0.3635094E-03  0.5511424E-04  0.7965160E-03  0.3398520E-04  0.1769311E-05  0.1362955E-07  0.2052523E-09  0.0000000E+00 -0.1175707E+06  0.0000000E+00  0.0000000E+00  0.0000000E+00
  1.7508  0.7823304E-03  0.4718748E-04  0.1619692E-02  0.3390166E-04  0.1760833E-05  0.1343540E-07  0.2839844E-09  0.0000000E+00 -0.1175708E+06  0.0000000E+00  0.0000000E+00  0.0000000E+00
  1.8008  0.9275658E-03  0.4995335E-04  0.1898398E-02  0.3381767E-04  0.1752318E-05  0.1287252E-07  0.4603273E-09  0.0000000E+00 -0.1175727E+06  0.0000000E+00  0.0000000E+00  0.0000000E+00
  1.8508  0.8056111E-03  0.6172188E-04  0.1648487E-02  0.3373330E-04  0.1743883E-05  0.1319825E-07  0.6708848E-09  0.0000000E+00 -0.1175764E+06  0.0000000E+00  0.0000000E+00  0.0000000E+00
  1.9008  0.4552015E-03  0.7645419E-04  0.9508146E-03  0.3364872E-04  0.1735610E-05  0.1565899E-07  0.8333234E-09  0.0000000E+00 -0.1175815E+06  0.0000000E+00  0.0000000E+00  0.0000000E+00
  1.9508 -0.5840027E-04  0.8695659E-04 -0.6233055E-04  0.3356411E-04  0.1727527E-05  0.1829788E-07  0.8859741E-09  0.0000000E+00 -0.1175873E+06  0.0000000E+00  0.0000000E+00  0.0000000E+00
  2.0008 -0.6528763E-03  0.8852290E-04 -0.1227640E-02  0.3347972E-04  0.1719620E-05  0.1913830E-07  0.8229066E-09  0.0000000E+00 -0.1175931E+06  0.0000000E+00  0.0000000E+00  0.0000000E+00
  2.0508 -0.1240684E-02  0.8113124E-04 -0.2374611E-02  0.3339579E-04  0.1711843E-05  0.2523904E-07  0.6914808E-09  0.0000000E+00 -0.1175981E+06  0.0000000E+00  0.0000000E+00  0.0000000E+00
  2.1008 -0.1741589E-02  0.6907835E-04 -0.3349276E-02  0.3331253E-04  0.1704142E-05  0.2223813E-07  0.5731361E-09  0.0000000E+00 -0.1176016E+06  0.0000000E+00  0.0000000E+00  0.0000000E+00
  2.1508 -0.2094023E-02  0.5840026E-04 -0.4034647E-02  0.3323013E-04  0.1696465E-05  0.2043621E-07  0.5387158E-09  0.0000000E+00 -0.1176032E+06  0.0000000E+00  0.0000000E+00  0.0000000E+00
  2.2008 -0.2263850E-02  0.5354869E-04 -0.4366100E-02  0.3314866E-04  0.1688771E-05  0.2006850E-07  0.6137005E-09  0.0000000E+00 -0.1176024E+06  0.0000000E+00  0.0000000E+00  0.0000000E+00
  2.2508 -0.2248991E-02  0.5518059E-04 -0.4339542E-02  0.3306811E-04  0.1681034E-05  0.1726681E-07  0.7643629E-09  0.0000000E+00 -0.1175992E+06  0.0000000E+00  0.0000000E+00  0.0000000E+00
  2.3008 -0.2079354E-02  0.6022417E-04 -0.4011677E-02  0.3298840E-04  0.1673256E-05  0.1800144E-07  0.9170029E-09  0.0000000E+00 -0.1175939E+06  0.0000000E+00  0.0000000E+00  0.0000000E+00
  2.3508 -0.1812002E-02  0.6412750E-04 -0.3491867E-02  0.3290935E-04  0.1665480E-05  0.1843670E-07  0.9995533E-09  0.0000000E+00 -0.1175869E+06  0.0000000E+00  0.0000000E+00  0.0000000E+00
  2.4008 -0.1522190E-02  0.6393664E-04 -0.2925988E-02  0.3283076E-04  0.1657791E-05  0.1769427E-07  0.9804170E-09  0.0000000E+00 -0.1175791E+06  0.0000000E+00  0.0000000E+00  0.0000000E+00
  2.4508 -0.1291516E-02  0.6034581E-04 -0.2473922E-02  0.3275245E-04  0.1650306E-05  0.1609231E-07  0.8841977E-09  0.0000000E+00 -0.1175712E+06  0.0000000E+00  0.0000000E+00  0.0000000E+00
  2.5008 -0.1194884E-02  0.5742601E-04 -0.2283623E-02  0.3267423E-04  0.1643141E-05  0.1458290E-07  0.7771471E-09  0.0000000E+00 -0.1175643E+06  0.0000000E+00  0.0000000E+00  0.0000000E+00
  2.5508 -0.1288176E-02  0.6009485E-04 -0.2465822E-02  0.3259596E-04  0.1636358E-05  0.1397243E-07  0.7301333E-09  0.0000000E+00 -0.1175593E+06  0.0000000E+00  0.0000000E+00  0.0000000E+00
  2.6008 -0.1598425E-02  0.7076307E-04 -0.3073644E-02  0.3251756E-04  0.1629921E-05  0.1452027E-07  0.7785769E-09  0.0000000E+00 -0.1175566E+06  0.0000000E+00  0.0000000E+00  0.0000000E+00
  2.6508 -0.2118036E-02  0.8720060E-04 -0.4090933E-02  0.3243898E-04  0.1623677E-05  0.1770167E-07  0.8983757E-09  0.0000000E+00 -0.1175565E+06  0.0000000E+00  0.0000000E+00  0.0000000E+00
  2.7008 -0.2803919E-02  0.1030847E-03 -0.5431305E-02  0.3236024E-04  0.1617389E-05  0.2287087E-07  0.1020251E-08  0.0000000E+00 -0.1175590E+06  0.0000000E+00  0.0000000E+00  0.0000000E+00
  2.7508 -0.3581896E-02  0.1111701E-03 -0.6948249E-02  0.3228145E-04  0.1610814E-05  0.2551908E-07  0.1079310E-08  0.0000000E+00 -0.1175636E+06  0.0000000E+00  0.0000000E+00  0.0000000E+00
  2.8008 -0.4355850E-02  0.1074720E-03 -0.8454341E-02  0.3220281E-04  0.1603787E-05  0.2525583E-07  0.1038494E-08  0.0000000E+00 -0.1175695E+06  0.0000000E+00  0.0000000E+00  0.0000000E+00
  2.8508 -0.5020305E-02  0.9408677E-04 -0.9746062E-02  0.3212462E-04  0.1596295E-05  0.2385922E-07  0.9277379E-09  0.0000000E+00 -0.1175761E+06  0.0000000E+00  0.0000000E+00  0.0000000E+00
  2.9008 -0.5474980E-02  0.7891756E-04 -0.1063107E-01  0.3204724E-04  0.1588490E-05  0.2205664E-07  0.8244576E-09  0.0000000E+00 -0.1175824E+06  0.0000000E+00  0.0000000E+00  0.0000000E+00
  2.9508 -0.5639096E-02  0.7215565E-04 -0.1095401E-01  0.3197105E-04  0.1580642E-05  0.2323685E-07  0.8190605E-09  0.0000000E+00 -0.1175877E+06  0.0000000E+00  0.0000000E+00  0.0000000E+00
  3.0008 -0.5463434E-02  0.8112449E-04 -0.1061818E-01  0.3189631E-04  0.1573047E-05  0.2101265E-07  0.9475669E-09  0.0000000E+00 -0.1175913E+06  0.0000000E+00  0.0000000E+00  0.0000000E+00
  3.0508 -0.4938458E-02  0.1061140E-03 -0.9600853E-02  0.3182316E-04  0.1565925E-05  0.2665766E-07  0.1179050E-08  0.0000000E+00 -0.1175929E+06  0.0000000E+00  0.0000000E+00  0.0000000E+00
  3.1008 -0.4097165E-02  0.1394799E-03 -0.7960222E-02  0.3175156E-04  0.1559354E-05  0.3236280E-07  0.1420797E-08  0.0000000E+00 -0.1175924E+06  0.0000000E+00  0.0000000E+00  0.0000000E+00
  3.1508 -0.3012190E-02  0.1687825E-03 -0.5832598E-02  0.3168122E-04  0.1553244E-05  0.3705185E-07  0.1563323E-08  0.0000000E+00 -0.1175898E+06  0.0000000E+00  0.0000000E+00  0.0000000E+00
  3.2008 -0.1787456E-02  0.1825530E-03 -0.3419017E-02  0.3161171E-04  0.1547369E-05  0.3838812E-07  0.1541590E-08  0.0000000E+00 -0.1175859E+06  0.0000000E+00  0.0000000E+00  0.0000000E+00
  3.2508 -0.5452964E-03  0.1759424E-03 -0.9616056E-03  0.3154254E-04  0.1541457E-05  0.3714982E-07  0.1381303E-08  0.0000000E+00 -0.1175813E+06  0.0000000E+00  0.0000000E+00  0.0000000E+00
  3.3008  0.5890487E-03  0.1532972E-03  0.1287439E-02  0.3147323E-04  0.1535292E-05  0.3444249E-07  0.1185491E-08  0.0000000E+00 -0.1175772E+06  0.0000000E+00  0.0000000E+00  0.0000000E+00
  3.3508  0.1503676E-02  0.1261557E-03  0.3100445E-02  0.3140340E-04  0.1528781E-05  0.3119171E-07  0.1078793E-08  0.0000000E+00 -0.1175744E+06  0.0000000E+00  0.0000000E+00  0.0000000E+00
  3.4008  0.2114592E-02  0.1075604E-03  0.4306432E-02  0.3133282E-04  0.1521971E-05  0.3597752E-07  0.1151956E-08  0.0000000E+00 -0.1175738E+06  0.0000000E+00  0.0000000E+00  0.0000000E+00
  3.4508  0.2376621E-02  0.1055655E-03  0.4815278E-02  0.3126143E-04  0.1515002E-05  0.3526761E-07  0.1415257E-08  0.0000000E+00 -0.1175758E+06  0.0000000E+00  0.0000000E+00  0.0000000E+00
  3.5008  0.2289100E-02  0.1193774E-03  0.4629476E-02  0.3118933E-04  0.1508041E-05  0.3426179E-07  0.1771040E-08  0.0000000E+00 -0.1175804E+06  0.0000000E+00  0.0000000E+00  0.0000000E+00
  3.5508  0.1895423E-02  0.1401509E-03  0.3841339E-02  0.3111669E-04  0.1501224E-05  0.3340045E-07  0.2071450E-08  0.0000000E+00 -0.1175871E+06  0.0000000E+00  0.0000000E+00  0.0000000E+00
  3.6008  0.1276458E-02  0.1559762E-03  0.2616629E-02  0.3104380E-04  0.1494635E-05  0.3305239E-07  0.2199107E-08  0.0000000E+00 -0.1175951E+06  0.0000000E+00  0.0000000E+00  0.0000000E+00
  3.6508  0.5387618E-03  0.1582973E-03  0.1168140E-02  0.3097099E-04  0.1488306E-05  0.3224382E-07  0.2124813E-08  0.0000000E+00 -0.1176033E+06  0.0000000E+00  0.0000000E+00  0.0000000E+00
  3.7008 -0.2009423E-03  0.1462972E-03 -0.2762650E-03  0.3089859E-04  0.1482234E-05  0.2999782E-07  0.1913751E-08  0.0000000E+00 -0.1176107E+06  0.0000000E+00  0.0000000E+00  0.0000000E+00
  3.7508 -0.8327182E-03  0.1269419E-03 -0.1505895E-02  0.3082693E-04  0.1476387E-05  0.2768373E-07  0.1698841E-08  0.0000000E+00 -0.1176163E+06  0.0000000E+00  0.0000000E+00  0.0000000E+00
  3.8008 -0.1269594E-02  0.1107418E-03 -0.2356067E-02  0.3075624E-04  0.1470715E-05  0.2682257E-07  0.1613133E-08  0.0000000E+00 -0.1176194E+06  0.0000000E+00  0.0000000E+00  0.0000000E+00
  3.8508 -0.1460396E-02  0.1057198E-03 -0.2730140E-02  0.3068667E-04  0.1465132E-05  0.2880422E-07  0.1718663E-08  0.0000000E+00 -0.1176193E+06  0.0000000E+00  0.0000000E+00  0.0000000E+00
  3.9008 -0.1397523E-02  0.1129503E-03 -0.2613073E-02  0.3061672E-04  0.1459447E-05  0.2776545E-07  0.1966582E-08  0.0000000E+00 -0.1176159E+06  0.0000000E+00  0.0000000E+00  0.0000000E+00
  3.9508 -0.1118365E-02  0.1261941E-03 -0.2074788E-02  0.3054914E-04  0.1453712E-05  0.3173241E-07  0.2232321E-08  0.0000000E+00 -0.1176092E+06  0.0000000E+00  0.0000000E+00  0.0000000E+00
  4.0008 -0.7000731E-03  0.1359142E-03 -0.1262267E-02  0.3048218E-04  0.1447780E-05  0.3468734E-07  0.2384590E-08  0.0000000E+00 -0.1176000E+06  0.0000000E+00  0.0000000E+00  0.0000000E+00
  4.0508 -0.2482637E-03  0.1354521E-03 -0.3800538E-03  0.3041477E-04  0.1441636E-05  0.3592141E-07  0.2351311E-08  0.0000000E+00 -0.1175889E+06  0.0000000E+00  0.0000000E+00  0.0000000E+00
  4.1008  0.1187940E-03  0.1257309E-03  0.3394457E-03  0.3034810E-04  0.1435512E-05  0.3535998E-07  0.2173115E-08  0.0000000E+00 -0.1175774E+06  0.0000000E+00  0.0000000E+00  0.0000000E+00
  4.1508  0.2883724E-03  0.1155280E-03  0.6724285E-03  0.3028120E-04  0.1429602E-05  0.3668632E-07  0.1966137E-08  0.0000000E+00 -0.1175667E+06  0.0000000E+00  0.0000000E+00  0.0000000E+00
  4.2008  0.1712907E-03  0.1167499E-03  0.4414122E-03  0.3021392E-04  0.1424143E-05  0.4052044E-07  0.1878965E-08  0.0000000E+00 -0.1175581E+06  0.0000000E+00  0.0000000E+00  0.0000000E+00
  4.2508 -0.2829907E-03  0.1370952E-03 -0.4526368E-03  0.3014619E-04  0.1419259E-05  0.4496551E-07  0.1982338E-08  0.0000000E+00 -0.1175525E+06  0.0000000E+00  0.0000000E+00  0.0000000E+00
  4.3008 -0.1076246E-02  0.1743225E-03 -0.2009495E-02  0.3007799E-04  0.1414862E-05  0.5120176E-07  0.2240372E-08  0.0000000E+00 -0.1175506E+06  0.0000000E+00  0.0000000E+00  0.0000000E+00
  4.3508 -0.2158158E-02  0.2157618E-03 -0.4124657E-02  0.3000931E-04  0.1410640E-05  0.5976994E-07  0.2531960E-08  0.0000000E+00 -0.1175522E+06  0.0000000E+00  0.0000000E+00  0.0000000E+00
  4.4008 -0.3430363E-02  0.2439377E-03 -0.6600696E-02  0.2994025E-04  0.1406149E-05  0.6654650E-07  0.2696684E-08  0.0000000E+00 -0.1175568E+06  0.0000000E+00  0.0000000E+00  0.0000000E+00
  4.4508 -0.4757524E-02  0.2456753E-03 -0.9172499E-02  0.2987099E-04  0.1400968E-05  0.6651160E-07  0.2645258E-08  0.0000000E+00 -0.1175636E+06  0.0000000E+00  0.0000000E+00  0.0000000E+00
  4.5008 -0.5984221E-02  0.2198571E-03 -0.1154185E-01  0.2980190E-04  0.1394873E-05  0.5933699E-07  0.2409578E-08  0.0000000E+00 -0.1175716E+06  0.0000000E+00  0.0000000E+00  0.0000000E+00
  4.5508 -0.6955324E-02  0.1794325E-03 -0.1341549E-01  0.2973345E-04  0.1387933E-05  0.5310197E-07  0.2147111E-08  0.0000000E+00 -0.1175796E+06  0.0000000E+00  0.0000000E+00  0.0000000E+00
  4.6008 -0.7537170E-02  0.1461573E-03 -0.1454184E-01  0.2966620E-04  0.1380506E-05  0.4941657E-07  0.2039480E-08  0.0000000E+00 -0.1175865E+06  0.0000000E+00  0.0000000E+00  0.0000000E+00
  4.6508 -0.7636539E-02  0.1402764E-03 -0.1474291E-01  0.2960066E-04  0.1373116E-05  0.4514998E-07  0.2228500E-08  0.0000000E+00 -0.1175915E+06  0.0000000E+00  0.0000000E+00  0.0000000E+00
  4.7008 -0.7214857E-02  0.1701526E-03 -0.1393898E-01  0.2953719E-04  0.1366280E-05  0.5642139E-07  0.2690669E-08  0.0000000E+00 -0.1175937E+06  0.0000000E+00  0.0000000E+00  0.0000000E+00
  4.7508 -0.6295330E-02  0.2271276E-03 -0.1216373E-01  0.2947509E-04  0.1360290E-05  0.6886850E-07  0.3251408E-08  0.0000000E+00 -0.1175930E+06  0.0000000E+00  0.0000000E+00  0.0000000E+00
  4.8008 -0.4961934E-02  0.2886660E-03 -0.9567292E-02  0.2941569E-04  0.1355291E-05  0.7545649E-07  0.3663944E-08  0.0000000E+00 -0.1175893E+06  0.0000000E+00  0.0000000E+00  0.0000000E+00
  4.8508 -0.3350177E-02  0.3288190E-03 -0.6404934E-02  0.2935770E-04  0.1351022E-05  0.7401035E-07  0.3765474E-08  0.0000000E+00 -0.1175831E+06  0.0000000E+00  0.0000000E+00  0.0000000E+00
  4.9008 -0.1630623E-02  0.3309587E-03 -0.3009890E-02  0.2930038E-04  0.1347076E-05  0.7241439E-07  0.3546771E-08  0.0000000E+00 -0.1175756E+06  0.0000000E+00  0.0000000E+00  0.0000000E+00
  4.9508  0.1265736E-04  0.2964065E-03  0.2480185E-03  0.2924299E-04  0.1343035E-05  0.7181647E-07  0.3091507E-08  0.0000000E+00 -0.1175681E+06  0.0000000E+00  0.0000000E+00  0.0000000E+00
  5.0008  0.1405975E-02  0.2441709E-03  0.3013168E-02  0.2918490E-04  0.1338624E-05  0.6967872E-07  0.2754959E-08  0.0000000E+00 -0.1175622E+06  0.0000000E+00  0.0000000E+00  0.0000000E+00
  5.0508  0.2408881E-02  0.2014277E-03  0.4995977E-02  0.2912567E-04  0.1333777E-05  0.6941516E-07  0.2749242E-08  0.0000000E+00 -0.1175594E+06  0.0000000E+00  0.0000000E+00  0.0000000E+00
  5.1008  0.2932816E-02  0.1894909E-03  0.6016215E-02  0.2906511E-04  0.1328595E-05  0.6841465E-07  0.3169331E-08  0.0000000E+00 -0.1175605E+06  0.0000000E+00  0.0000000E+00  0.0000000E+00
  5.1508  0.2953112E-02  0.2127136E-03  0.6029689E-02  0.2900323E-04  0.1323240E-05  0.6985034E-07  0.3887877E-08  0.0000000E+00 -0.1175658E+06  0.0000000E+00  0.0000000E+00  0.0000000E+00
  5.2008  0.2512256E-02  0.2564426E-03  0.5132549E-02  0.2894023E-04  0.1317841E-05  0.9475134E-07  0.4594925E-08  0.0000000E+00 -0.1175749E+06  0.0000000E+00  0.0000000E+00  0.0000000E+00
  5.2508  0.1713882E-02  0.2951946E-03  0.3543124E-02  0.2887645E-04  0.1312463E-05  0.1040015E-06  0.4994529E-08  0.0000000E+00 -0.1175868E+06  0.0000000E+00  0.0000000E+00  0.0000000E+00
  5.3008  0.7082765E-03  0.3067371E-03  0.1566009E-02  0.2881234E-04  0.1307136E-05  0.9831582E-07  0.4952463E-08  0.0000000E+00 -0.1176000E+06  0.0000000E+00  0.0000000E+00  0.0000000E+00
  5.3508 -0.3289445E-03  0.2842791E-03 -0.4544581E-03  0.2874844E-04  0.1301899E-05  0.8872896E-07  0.4535945E-08  0.0000000E+00 -0.1176130E+06  0.0000000E+00  0.0000000E+00  0.0000000E+00
  5.4008 -0.1222048E-02  0.2401591E-03 -0.2183042E-02  0.2868529E-04  0.1296824E-05  0.7983864E-07  0.4014990E-08  0.0000000E+00 -0.1176243E+06  0.0000000E+00  0.0000000E+00  0.0000000E+00
  5.4508 -0.1820917E-02  0.1989116E-03 -0.3338509E-02  0.2862338E-04  0.1291996E-05  0.7457513E-07  0.3717370E-08  0.0000000E+00 -0.1176325E+06  0.0000000E+00  0.0000000E+00  0.0000000E+00
  5.5008 -0.2023491E-02  0.1835450E-03 -0.3730211E-02  0.2856309E-04  0.1287460E-05  0.7364079E-07  0.3826176E-08  0.0000000E+00 -0.1176366E+06  0.0000000E+00  0.0000000E+00  0.0000000E+00
  5.5508 -0.1791974E-02  0.2024039E-03 -0.3284809E-02  0.2850452E-04  0.1283155E-05  0.8234964E-07  0.4334965E-08  0.0000000E+00 -0.1176358E+06  0.0000000E+00  0.0000000E+00  0.0000000E+00
  5.6008 -0.1160053E-02  0.2438624E-03 -0.2060522E-02  0.2844748E-04  0.1278888E-05  0.8657925E-07  0.5006623E-08  0.0000000E+00 -0.1176301E+06  0.0000000E+00  0.0000000E+00  0.0000000E+00
  5.6508 -0.2300515E-03  0.2823019E-03 -0.2467551E-03  0.2839149E-04  0.1274389E-05  0.8439595E-07  0.5502437E-08  0.0000000E+00 -0.1176195E+06  0.0000000E+00  0.0000000E+00  0.0000000E+00
  5.7008  0.8399721E-03  0.2928411E-03  0.1854004E-02  0.2833594E-04  0.1269441E-05  0.8256816E-07  0.5554522E-08  0.0000000E+00 -0.1176052E+06  0.0000000E+00  0.0000000E+00  0.0000000E+00
  5.7508  0.1857532E-02  0.2669856E-03  0.3863001E-02  0.2828021E-04  0.1264053E-05  0.7679861E-07  0.5186850E-08  0.0000000E+00 -0.1175886E+06  0.0000000E+00  0.0000000E+00  0.0000000E+00
  5.8008  0.2622963E-02  0.2202086E-03  0.5378965E-02  0.2822383E-04  0.1258552E-05  0.6779818E-07  0.4650074E-08  0.0000000E+00 -0.1175719E+06  0.0000000E+00  0.0000000E+00  0.0000000E+00
  5.8508  0.2958645E-02  0.1860374E-03  0.6041177E-02  0.2816654E-04  0.1253517E-05  0.6295685E-07  0.4292631E-08  0.0000000E+00 -0.1175570E+06  0.0000000E+00  0.0000000E+00  0.0000000E+00
  5.9008  0.2736347E-02  0.1984966E-03  0.5591336E-02  0.2810831E-04  0.1249539E-05  0.6491347E-07  0.4415149E-08  0.0000000E+00 -0.1175461E+06  0.0000000E+00  0.0000000E+00  0.0000000E+00
  5.9508  0.1898853E-02  0.2718346E-03  0.3922019E-02  0.2804916E-04  0.1246934E-05  0.7544025E-07  0.5068192E-08  0.0000000E+00 -0.1175402E+06  0.0000000E+00  0.0000000E+00  0.0000000E+00
  6.0008  0.4724002E-03  0.3890972E-03  0.1101022E-02  0.2798912E-04  0.1245516E-05  0.1036238E-06  0.5977917E-08  0.0000000E+00 -0.1175400E+06  0.0000000E+00  0.0000000E+00  0.0000000E+00
  6.0508 -0.1431813E-02  0.5070208E-03 -0.2632803E-02  0.2792818E-04  0.1244560E-05  0.1188539E-06  0.6728819E-08  0.0000000E+00 -0.1175449E+06  0.0000000E+00  0.0000000E+00  0.0000000E+00
  6.1008 -0.3628033E-02  0.5761376E-03 -0.6901196E-02  0.2786637E-04  0.1243025E-05  0.1198259E-06  0.6965096E-08  0.0000000E+00 -0.1175539E+06  0.0000000E+00  0.0000000E+00  0.0000000E+00
  6.1508 -0.5876939E-02  0.5661912E-03 -0.1123720E-01  0.2780395E-04  0.1239930E-05  0.1157157E-06  0.6560752E-08  0.0000000E+00 -0.1175654E+06  0.0000000E+00  0.0000000E+00  0.0000000E+00
  6.2008 -0.7914924E-02  0.4834754E-03 -0.1514465E-01  0.2774143E-04  0.1234735E-05  0.1062388E-06  0.5773276E-08  0.0000000E+00 -0.1175779E+06  0.0000000E+00  0.0000000E+00  0.0000000E+00
  6.2508 -0.9488012E-02  0.3706515E-03 -0.1815693E-01  0.2767961E-04  0.1227559E-05  0.9802322E-07  0.5107378E-08  0.0000000E+00 -0.1175898E+06  0.0000000E+00  0.0000000E+00  0.0000000E+00
  6.3008 -0.1038569E-01  0.2881552E-03 -0.1988864E-01  0.2761945E-04  0.1219151E-05  0.9288834E-07  0.5070053E-08  0.0000000E+00 -0.1175998E+06  0.0000000E+00  0.0000000E+00  0.0000000E+00
  6.3508 -0.1047051E-01  0.2855093E-03 -0.2007925E-01  0.2756187E-04  0.1210642E-05  0.9072538E-07  0.5890890E-08  0.0000000E+00 -0.1176064E+06  0.0000000E+00  0.0000000E+00  0.0000000E+00
  6.4008 -0.9698849E-02  0.3760680E-03 -0.1862754E-01  0.2750750E-04  0.1203151E-05  0.1183461E-06  0.7349828E-08  0.0000000E+00 -0.1176086E+06  0.0000000E+00  0.0000000E+00  0.0000000E+00
  6.4563 -0.7925358E-02  0.5447259E-03 -0.1521880E-01  0.2745105E-04  0.1196855E-05  0.1492173E-06  0.9008176E-08  0.0000000E+00 -0.1176053E+06  0.0000000E+00  0.0000000E+00  0.0000000E+00
  6.5075 -0.5613015E-02  0.6896474E-03 -0.1070776E-01  0.2740217E-04  0.1193039E-05  0.1436946E-06  0.9902252E-08  0.0000000E+00 -0.1175965E+06  0.0000000E+00  0.0000000E+00  0.0000000E+00
  6.5504 -0.3362158E-02  0.7509560E-03 -0.6267439E-02  0.2736271E-04  0.1190886E-05  0.1528574E-06  0.9891416E-08  0.0000000E+00 -0.1175857E+06  0.0000000E+00  0.0000000E+00  0.0000000E+00
  6.6100 -0.1405838E-03  0.7066941E-03  0.1472480E-03  0.2730855E-04  0.1188307E-05  0.1515852E-06  0.8704052E-08  0.0000000E+00 -0.1175680E+06  0.0000000E+00  0.0000000E+00  0.0000000E+00
  6.6600  0.2306659E-02  0.5773210E-03  0.5046781E-02  0.2726215E-04  0.1185577E-05  0.1368956E-06  0.7531523E-08  0.0000000E+00 -0.1175538E+06  0.0000000E+00  0.0000000E+00  0.0000000E+00
  6.7100  0.4222735E-02  0.4330348E-03  0.8877270E-02  0.2721390E-04  0.1181957E-05  0.1234273E-06  0.6941276E-08  0.0000000E+00 -0.1175429E+06  0.0000000E+00  0.0000000E+00  0.0000000E+00
  6.7600  0.5398592E-02  0.3500086E-03  0.1119686E-01  0.2716331E-04  0.1177653E-05  0.1202246E-06  0.7474377E-08  0.0000000E+00 -0.1175379E+06  0.0000000E+00  0.0000000E+00  0.0000000E+00
  6.8100  0.5720902E-02  0.3736126E-03  0.1177779E-01  0.2711031E-04  0.1173136E-05  0.1491347E-06  0.9184774E-08  0.0000000E+00 -0.1175400E+06  0.0000000E+00  0.0000000E+00  0.0000000E+00
  6.8590  0.5208152E-02  0.4904465E-03  0.1068288E-01  0.2705622E-04  0.1168877E-05  0.1416737E-06  0.1132796E-07  0.0000000E+00 -0.1175492E+06  0.0000000E+00  0.0000000E+00  0.0000000E+00
  6.9015  0.4188324E-02  0.6215254E-03  0.8606565E-02  0.2700801E-04  0.1165402E-05  0.1718052E-06  0.1288333E-07  0.0000000E+00 -0.1175623E+06  0.0000000E+00  0.0000000E+00  0.0000000E+00
  6.9513  0.2475023E-02  0.7411807E-03  0.5193575E-02  0.2695021E-04  0.1161492E-05  0.2105751E-06  0.1373796E-07  0.0000000E+00 -0.1175818E+06  0.0000000E+00  0.0000000E+00  0.0000000E+00
  7.0041  0.3415988E-03  0.7637872E-03  0.1018902E-02  0.2688836E-04  0.1157362E-05  0.1940327E-06  0.1331958E-07  0.0000000E+00 -0.1176047E+06  0.0000000E+00  0.0000000E+00  0.0000000E+00
  7.0512 -0.1535930E-02  0.6829017E-03 -0.2606262E-02  0.2683339E-04  0.1153581E-05  0.1748599E-06  0.1208776E-07  0.0000000E+00 -0.1176251E+06  0.0000000E+00  0.0000000E+00  0.0000000E+00
  7.1012 -0.3186366E-02  0.5375667E-03 -0.5766168E-02  0.2677622E-04  0.1149558E-05  0.1559602E-06  0.1068187E-07  0.0000000E+00 -0.1176447E+06  0.0000000E+00  0.0000000E+00  0.0000000E+00
  7.1512 -0.4214935E-02  0.4116181E-03 -0.7730952E-02  0.2672125E-04  0.1145825E-05  0.1437398E-06  0.1003683E-07  0.0000000E+00 -0.1176602E+06  0.0000000E+00  0.0000000E+00  0.0000000E+00
  7.2012 -0.4429687E-02  0.3817950E-03 -0.8151161E-02  0.2666929E-04  0.1142769E-05  0.1511642E-06  0.1062234E-07  0.0000000E+00 -0.1176701E+06  0.0000000E+00  0.0000000E+00  0.0000000E+00
  7.2512 -0.3751958E-02  0.4778180E-03 -0.6868552E-02  0.2662073E-04  0.1140611E-05  0.1776520E-06  0.1236648E-07  0.0000000E+00 -0.1176731E+06  0.0000000E+00  0.0000000E+00  0.0000000E+00
  7.3051 -0.2094850E-02  0.6771587E-03 -0.3682108E-02  0.2657186E-04  0.1139047E-05  0.2093367E-06  0.1467952E-07  0.0000000E+00 -0.1176675E+06  0.0000000E+00  0.0000000E+00  0.0000000E+00
  7.3523 -0.1705766E-04  0.8474352E-03  0.3667829E-03  0.2653113E-04  0.1137648E-05  0.2116914E-06  0.1618387E-07  0.0000000E+00 -0.1176545E+06  0.0000000E+00  0.0000000E+00  0.0000000E+00
  7.4010  0.2477921E-02  0.9298368E-03  0.5287474E-02  0.2649000E-04  0.1135208E-05  0.2270852E-06  0.1642699E-07  0.0000000E+00 -0.1176343E+06  0.0000000E+00  0.0000000E+00  0.0000000E+00
  7.4556  0.5301956E-02  0.8557996E-03  0.1091768E-01  0.2644299E-04  0.1130337E-05  0.2175444E-06  0.1524950E-07  0.0000000E+00 -0.1176060E+06  0.0000000E+00  0.0000000E+00  0.0000000E+00
  7.5042  0.7436837E-02  0.6739206E-03  0.1520280E-01  0.2639917E-04  0.1124187E-05  0.1921555E-06  0.1363569E-07  0.0000000E+00 -0.1175793E+06  0.0000000E+00  0.0000000E+00  0.0000000E+00
  7.5542  0.8893276E-02  0.4802494E-03  0.1812423E-01  0.2635175E-04  0.1117338E-05  0.1691558E-06  0.1247416E-07  0.0000000E+00 -0.1175539E+06  0.0000000E+00  0.0000000E+00  0.0000000E+00
  7.6042  0.9323426E-02  0.4099857E-03  0.1895822E-01  0.2630204E-04  0.1111865E-05  0.1712513E-06  0.1278304E-07  0.0000000E+00 -0.1175343E+06  0.0000000E+00  0.0000000E+00  0.0000000E+00
  7.6535  0.8582778E-02  0.5455704E-03  0.1742192E-01  0.2625118E-04  0.1109444E-05  0.1828940E-06  0.1490385E-07  0.0000000E+00 -0.1175231E+06  0.0000000E+00  0.0000000E+00  0.0000000E+00
  7.7010  0.6785764E-02  0.8572290E-03  0.1378950E-01  0.2620095E-04  0.1110505E-05  0.2630428E-06  0.1788315E-07  0.0000000E+00 -0.1175206E+06  0.0000000E+00  0.0000000E+00  0.0000000E+00
  7.7545  0.3606362E-02  0.1301013E-02  0.7475474E-02  0.2614282E-04  0.1114977E-05  0.2769034E-06  0.2100566E-07  0.0000000E+00 -0.1175278E+06  0.0000000E+00  0.0000000E+00  0.0000000E+00
  7.8047 -0.2294973E-03  0.1634771E-02 -0.8715839E-05  0.2608652E-04  0.1120231E-05  0.3393618E-06  0.2245556E-07  0.0000000E+00 -0.1175418E+06  0.0000000E+00  0.0000000E+00  0.0000000E+00
  7.8509 -0.4141878E-02  0.1745606E-02 -0.7523608E-02  0.2603316E-04  0.1123571E-05  0.3718010E-06  0.2200110E-07  0.0000000E+00 -0.1175585E+06  0.0000000E+00  0.0000000E+00  0.0000000E+00
  7.9008 -0.8336350E-02  0.1611160E-02 -0.1547849E-01  0.2597417E-04  0.1123369E-05  0.3345658E-06  0.1996172E-07  0.0000000E+00 -0.1175782E+06  0.0000000E+00  0.0000000E+00  0.0000000E+00
  7.9574 -0.1245319E-01  0.1235846E-02 -0.2322994E-01  0.2590663E-04  0.1116936E-05  0.2689879E-06  0.1725413E-07  0.0000000E+00 -0.1176004E+06  0.0000000E+00  0.0000000E+00  0.0000000E+00
  8.0000 -0.1472012E-01  0.9390285E-03 -0.2751458E-01  0.2585658E-04  0.1108082E-05  0.2412120E-06  0.1628521E-07  0.0000000E+00 -0.1176156E+06  0.0000000E+00  0.0000000E+00  0.0000000E+00
  8.0596 -0.1623038E-01  0.7468704E-03 -0.3046108E-01  0.2579043E-04  0.1092558E-05  0.2311135E-06  0.1798593E-07  0.0000000E+00 -0.1176328E+06  0.0000000E+00  0.0000000E+00  0.0000000E+00
  8.1047 -0.1596747E-01  0.8766708E-03 -0.3007988E-01  0.2574487E-04  0.1081012E-05  0.3190396E-06  0.2164834E-07  0.0000000E+00 -0.1176414E+06  0.0000000E+00  0.0000000E+00  0.0000000E+00
  8.1508 -0.1442342E-01  0.1248184E-02 -0.2725442E-01  0.2570336E-04  0.1071836E-05  0.3012320E-06  0.2638159E-07  0.0000000E+00 -0.1176434E+06  0.0000000E+00  0.0000000E+00  0.0000000E+00
  8.2017 -0.1134249E-01  0.1805654E-02 -0.2140368E-01  0.2566423E-04  0.1066580E-05  0.4422825E-06  0.3126336E-07  0.0000000E+00 -0.1176365E+06  0.0000000E+00  0.0000000E+00  0.0000000E+00
  8.2516 -0.7208331E-02  0.2286063E-02 -0.1334143E-01  0.2563169E-04  0.1066531E-05  0.4643337E-06  0.3389356E-07  0.0000000E+00 -0.1176201E+06  0.0000000E+00  0.0000000E+00  0.0000000E+00
  8.3045 -0.2127035E-02  0.2492190E-02 -0.3209756E-02  0.2560090E-04  0.1069948E-05  0.5059311E-06  0.3314685E-07  0.0000000E+00 -0.1175941E+06  0.0000000E+00  0.0000000E+00  0.0000000E+00
  8.3558  0.2883764E-02  0.2299164E-02  0.6951020E-02  0.2557121E-04  0.1073190E-05  0.4999921E-06  0.2987941E-07  0.0000000E+00 -0.1175643E+06  0.0000000E+00  0.0000000E+00  0.0000000E+00
  8.4059  0.7268219E-02  0.1831114E-02  0.1592057E-01  0.2553934E-04  0.1073402E-05  0.4247604E-06  0.2663176E-07  0.0000000E+00 -0.1175358E+06  0.0000000E+00  0.0000000E+00  0.0000000E+00
  8.4532  0.1047753E-01  0.1346947E-02  0.2247401E-01  0.2550494E-04  0.1070084E-05  0.3858781E-06  0.2614717E-07  0.0000000E+00 -0.1175141E+06  0.0000000E+00  0.0000000E+00  0.0000000E+00
  8.5058  0.1256799E-01  0.1037842E-02  0.2664267E-01  0.2546113E-04  0.1063572E-05  0.4236704E-06  0.2914252E-07  0.0000000E+00 -0.1175006E+06  0.0000000E+00  0.0000000E+00  0.0000000E+00
  8.5510  0.1292385E-01  0.1109638E-02  0.2719497E-01  0.2541922E-04  0.1057454E-05  0.3600795E-06  0.3503887E-07  0.0000000E+00 -0.1175003E+06  0.0000000E+00  0.0000000E+00  0.0000000E+00
  8.6047  0.1162640E-01  0.1576176E-02  0.2432392E-01  0.2536549E-04  0.1051508E-05  0.4599701E-06  0.4346285E-07  0.0000000E+00 -0.1175138E+06  0.0000000E+00  0.0000000E+00  0.0000000E+00
  8.6541  0.8918502E-02  0.2176450E-02  0.1870462E-01  0.2531289E-04  0.1048085E-05  0.5746245E-06  0.4969150E-07  0.0000000E+00 -0.1175367E+06  0.0000000E+00  0.0000000E+00  0.0000000E+00
  8.7008  0.5333867E-02  0.2641182E-02  0.1151187E-01  0.2526139E-04  0.1046448E-05  0.6066092E-06  0.5226608E-07  0.0000000E+00 -0.1175640E+06  0.0000000E+00  0.0000000E+00  0.0000000E+00
  8.7508  0.8451788E-03  0.2814550E-02  0.2757713E-02  0.2520496E-04  0.1045481E-05  0.5829647E-06  0.5097615E-07  0.0000000E+00 -0.1175955E+06  0.0000000E+00  0.0000000E+00  0.0000000E+00
  8.8020 -0.3853746E-02  0.2574481E-02 -0.6185793E-02  0.2514674E-04  0.1044049E-05  0.6346426E-06  0.4653004E-07  0.0000000E+00 -0.1176266E+06  0.0000000E+00  0.0000000E+00  0.0000000E+00
  8.8507 -0.7818876E-02  0.2072317E-02 -0.1361250E-01  0.2509231E-04  0.1041356E-05  0.5765056E-06  0.4163131E-07  0.0000000E+00 -0.1176530E+06  0.0000000E+00  0.0000000E+00  0.0000000E+00
  8.9028 -0.1092891E-01  0.1519036E-02 -0.1941924E-01  0.2503682E-04  0.1036900E-05  0.4805837E-06  0.3864811E-07  0.0000000E+00 -0.1176768E+06  0.0000000E+00  0.0000000E+00  0.0000000E+00
  8.9504 -0.1234693E-01  0.1264752E-02 -0.2212932E-01  0.2499020E-04  0.1032215E-05  0.4846487E-06  0.3972477E-07  0.0000000E+00 -0.1176935E+06  0.0000000E+00  0.0000000E+00  0.0000000E+00
  9.0047 -0.1203989E-01  0.1460763E-02 -0.2169657E-01  0.2494373E-04  0.1027951E-05  0.5660239E-06  0.4576185E-07  0.0000000E+00 -0.1177049E+06  0.0000000E+00  0.0000000E+00  0.0000000E+00
  9.0501 -0.1021976E-01  0.1994903E-02 -0.1838052E-01  0.2491096E-04  0.1026579E-05  0.6345021E-06  0.5329699E-07  0.0000000E+00 -0.1177056E+06  0.0000000E+00  0.0000000E+00  0.0000000E+00
  9.1030 -0.6488349E-02  0.2810201E-02 -0.1131945E-01  0.2487969E-04  0.1028305E-05  0.7155628E-06  0.6115848E-07  0.0000000E+00 -0.1176935E+06  0.0000000E+00  0.0000000E+00  0.0000000E+00
  9.1503 -0.2027524E-02  0.3411455E-02 -0.2625229E-02  0.2485629E-04  0.1031950E-05  0.7933817E-06  0.6486030E-07  0.0000000E+00 -0.1176706E+06  0.0000000E+00  0.0000000E+00  0.0000000E+00
  9.2009  0.3346975E-02  0.3625149E-02  0.8113845E-02  0.2483294E-04  0.1035234E-05  0.8048608E-06  0.6385232E-07  0.0000000E+00 -0.1176353E+06  0.0000000E+00  0.0000000E+00  0.0000000E+00
  9.2510  0.8645910E-02  0.3294229E-02  0.1891603E-01  0.2480787E-04  0.1034713E-05  0.7126797E-06  0.5925087E-07  0.0000000E+00 -0.1175933E+06  0.0000000E+00  0.0000000E+00  0.0000000E+00
  9.3002  0.1314583E-01  0.2594342E-02  0.2819751E-01  0.2477876E-04  0.1029192E-05  0.6184762E-06  0.5429952E-07  0.0000000E+00 -0.1175512E+06  0.0000000E+00  0.0000000E+00  0.0000000E+00
  9.3568  0.1668085E-01  0.1794898E-02  0.3547278E-01  0.2473857E-04  0.1018957E-05  0.5214994E-06  0.5327137E-07  0.0000000E+00 -0.1175097E+06  0.0000000E+00  0.0000000E+00  0.0000000E+00
  9.4035  0.1780937E-01  0.1545014E-02  0.3768230E-01  0.2470064E-04  0.1011415E-05  0.5366059E-06  0.5816666E-07  0.0000000E+00 -0.1174866E+06  0.0000000E+00  0.0000000E+00  0.0000000E+00
  9.4529  0.1701099E-01  0.1916695E-02  0.3582883E-01  0.2465712E-04  0.1008099E-05  0.6559715E-06  0.6844902E-07  0.0000000E+00 -0.1174760E+06  0.0000000E+00  0.0000000E+00  0.0000000E+00
  9.5030  0.1410966E-01  0.2899810E-02  0.2969362E-01  0.2461051E-04  0.1011373E-05  0.8677571E-06  0.8066716E-07  0.0000000E+00 -0.1174802E+06  0.0000000E+00  0.0000000E+00  0.0000000E+00
  9.5531  0.9291875E-02  0.4151623E-02  0.1987816E-01  0.2456191E-04  0.1021163E-05  0.9320576E-06  0.9046401E-07  0.0000000E+00 -0.1174961E+06  0.0000000E+00  0.0000000E+00  0.0000000E+00
  9.6006  0.3324318E-02  0.5154120E-02  0.8120617E-02  0.2451369E-04  0.1034343E-05  0.1119854E-05  0.9462436E-07  0.0000000E+00 -0.1175172E+06  0.0000000E+00  0.0000000E+00  0.0000000E+00
  9.6518 -0.4009298E-02  0.5631765E-02 -0.5862528E-02  0.2445928E-04  0.1048874E-05  0.1216892E-05  0.9249709E-07  0.0000000E+00 -0.1175419E+06  0.0000000E+00  0.0000000E+00  0.0000000E+00
  9.7029 -0.1146740E-01  0.5338798E-02 -0.1967570E-01  0.2440279E-04  0.1059280E-05  0.1124376E-05  0.8484785E-07  0.0000000E+00 -0.1175648E+06  0.0000000E+00  0.0000000E+00  0.0000000E+00
  9.7549 -0.1836085E-01  0.4445286E-02 -0.3221017E-01  0.2434373E-04  0.1061772E-05  0.9666456E-06  0.7588721E-07  0.0000000E+00 -0.1175861E+06  0.0000000E+00  0.0000000E+00  0.0000000E+00
  9.8002 -0.2314833E-01  0.3533703E-02 -0.4090560E-01  0.2429231E-04  0.1055461E-05  0.8298084E-06  0.7076794E-07  0.0000000E+00 -0.1176036E+06  0.0000000E+00  0.0000000E+00  0.0000000E+00
  9.8541 -0.2671318E-01  0.2805490E-02 -0.4756538E-01  0.2423358E-04  0.1038074E-05  0.7777102E-06  0.7257036E-07  0.0000000E+00 -0.1176240E+06  0.0000000E+00  0.0000000E+00  0.0000000E+00
  9.9012 -0.2758167E-01  0.2821876E-02 -0.4948971E-01  0.2418687E-04  0.1017216E-05  0.9972452E-06  0.8173819E-07  0.0000000E+00 -0.1176406E+06  0.0000000E+00  0.0000000E+00  0.0000000E+00
  9.9516 -0.2608477E-01  0.3614377E-02 -0.4715877E-01  0.2414462E-04  0.9949726E-06  0.1088335E-05  0.9832440E-07  0.0000000E+00 -0.1176536E+06  0.0000000E+00  0.0000000E+00  0.0000000E+00
 10.0029 -0.2206648E-01  0.5043728E-02 -0.3997813E-01  0.2411268E-04  0.9793954E-06  0.1137577E-05  0.1164848E-06  0.0000000E+00 -0.1176570E+06  0.0000000E+00  0.0000000E+00  0.0000000E+00
 10.0509 -0.1634752E-01  0.6518183E-02 -0.2916509E-01  0.2409419E-04  0.9757083E-06  0.1396388E-05  0.1292389E-06  0.0000000E+00 -0.1176485E+06  0.0000000E+00  0.0000000E+00  0.0000000E+00
 10.1033 -0.8551790E-02  0.7691375E-02 -0.1376908E-01  0.2408499E-04  0.9848397E-06  0.1460605E-05  0.1335507E-06  0.0000000E+00 -0.1176260E+06  0.0000000E+00  0.0000000E+00  0.0000000E+00
 10.1516 -0.6349326E-03  0.7967600E-02  0.2416001E-02  0.2408265E-04  0.1001892E-05  0.1614743E-05  0.1497411E-06  0.0000000E+00 -0.1175955E+06  0.0000000E+00  0.0000000E+00  0.0000000E+00
 10.2033  0.7752085E-02  0.7317776E-02  0.1998594E-01  0.2408189E-04  0.1021621E-05  0.1558282E-05  0.2938042E-06  0.0000000E+00 -0.1175583E+06  0.0000000E+00  0.0000000E+00  0.0000000E+00
 10.2520  0.1483156E-01  0.6099537E-02  0.3500009E-01  0.2410913E-04  0.1038957E-05  0.1902107E-05  0.2564924E-05  0.0000000E+00 -0.1175255E+06  0.0000000E+00  0.0000000E+00  0.0000000E+00
 10.3003  0.2037150E-01  0.4839037E-02  0.4669907E-01  0.2465204E-04  0.1244066E-05  0.1621257E-05  0.2267689E-04  0.0000000E+00 -0.1175021E+06  0.0000000E+00  0.0000000E+00  0.0000000E+00
 10.3529  0.2418525E-01  0.4030519E-02  0.5447179E-01  0.2507062E-04  0.1456112E-05  0.1809796E-05  0.9865288E-05  0.0000000E+00 -0.1174925E+06  0.0000000E+00  0.0000000E+00  0.0000000E+00
 10.4031  0.2533512E-01  0.4176163E-02  0.5633961E-01  0.2540844E-04  0.1619732E-05  0.1834818E-05  0.7109543E-05  0.0000000E+00 -0.1175008E+06  0.0000000E+00  0.0000000E+00  0.0000000E+00
 10.4512  0.2411201E-01  0.5114859E-02  0.5313866E-01  0.2555442E-04  0.1686647E-05  0.1637103E-05  0.3622453E-05  0.0000000E+00 -0.1175230E+06  0.0000000E+00  0.0000000E+00  0.0000000E+00
 10.5022  0.2052725E-01  0.6556359E-02  0.4515528E-01  0.2562476E-04  0.1716183E-05  0.1925442E-05  0.3554439E-05  0.0000000E+00 -0.1175553E+06  0.0000000E+00  0.0000000E+00  0.0000000E+00
 10.5528  0.1504949E-01  0.7858834E-02  0.3376267E-01  0.2568023E-04  0.1739756E-05  0.1770448E-05  0.2663484E-05  0.0000000E+00 -0.1175890E+06  0.0000000E+00  0.0000000E+00  0.0000000E+00
 10.6021  0.8463475E-02  0.8525522E-02  0.2077456E-01  0.2568396E-04  0.1753381E-05  0.2341080E-05  0.1791232E-05  0.0000000E+00 -0.1176174E+06  0.0000000E+00  0.0000000E+00  0.0000000E+00
 10.6502  0.1485403E-02  0.8415966E-02  0.7600282E-02  0.2566185E-04  0.1760694E-05  0.2021895E-05  0.1256691E-05  0.0000000E+00 -0.1176376E+06  0.0000000E+00  0.0000000E+00  0.0000000E+00
 10.7009 -0.5702113E-02  0.7611387E-02 -0.5529840E-02  0.2563113E-04  0.1767117E-05  0.1810760E-05  0.1201214E-05  0.0000000E+00 -0.1176507E+06  0.0000000E+00  0.0000000E+00  0.0000000E+00
 10.7526 -0.1210341E-01  0.6466277E-02 -0.1703443E-01  0.2558950E-04  0.1766302E-05  0.1607424E-05  0.8061031E-06  0.0000000E+00 -0.1176582E+06  0.0000000E+00  0.0000000E+00  0.0000000E+00
 10.8012 -0.1667751E-01  0.5547798E-02 -0.2532677E-01  0.2553691E-04  0.1754058E-05  0.1516751E-05  0.6769409E-06  0.0000000E+00 -0.1176632E+06  0.0000000E+00  0.0000000E+00  0.0000000E+00
 10.8509 -0.1948832E-01  0.5132502E-02 -0.3067474E-01  0.2547222E-04  0.1729673E-05  0.1477536E-05  0.5143363E-06  0.0000000E+00 -0.1176676E+06  0.0000000E+00  0.0000000E+00  0.0000000E+00
 10.9012 -0.2019392E-01  0.5412374E-02 -0.3243039E-01  0.2540285E-04  0.1697045E-05  0.1595512E-05  0.4322563E-06  0.0000000E+00 -0.1176700E+06  0.0000000E+00  0.0000000E+00  0.0000000E+00
 10.9533 -0.1866416E-01  0.6327446E-02 -0.3014236E-01  0.2533003E-04  0.1659175E-05  0.1552546E-05  0.3666645E-06  0.0000000E+00 -0.1176677E+06  0.0000000E+00  0.0000000E+00  0.0000000E+00
 11.0026 -0.1530615E-01  0.7458419E-02 -0.2421755E-01  0.2526545E-04  0.1625439E-05  0.1864688E-05  0.3245719E-06  0.0000000E+00 -0.1176577E+06  0.0000000E+00  0.0000000E+00  0.0000000E+00
 11.0510 -0.1057415E-01  0.8423811E-02 -0.1530093E-01  0.2520882E-04  0.1598187E-05  0.1841225E-05  0.3221574E-06  0.0000000E+00 -0.1176396E+06  0.0000000E+00  0.0000000E+00  0.0000000E+00
 11.1006 -0.4769079E-02  0.8920483E-02 -0.3845686E-02  0.2516131E-04  0.1579364E-05  0.2024035E-05  0.3316333E-06  0.0000000E+00 -0.1176139E+06  0.0000000E+00  0.0000000E+00  0.0000000E+00
 11.1534  0.1816071E-02  0.8730621E-02  0.9610644E-02  0.2512513E-04  0.1570616E-05  0.1933464E-05  0.3890094E-06  0.0000000E+00 -0.1175819E+06  0.0000000E+00  0.0000000E+00  0.0000000E+00
 11.2026  0.7680629E-02  0.7994684E-02  0.2186079E-01  0.2510612E-04  0.1572806E-05  0.1939271E-05  0.9089391E-06  0.0000000E+00 -0.1175524E+06  0.0000000E+00  0.0000000E+00  0.0000000E+00
 11.2518  0.1269645E-01  0.7039815E-02  0.3241287E-01  0.2511097E-04  0.1588440E-05  0.1975143E-05  0.1134052E-05  0.0000000E+00 -0.1175282E+06  0.0000000E+00  0.0000000E+00  0.0000000E+00
 11.3038  0.1654384E-01  0.6230458E-02  0.4040869E-01  0.2519778E-04  0.1650608E-05  0.2151240E-05  0.1971388E-05  0.0000000E+00 -0.1175122E+06  0.0000000E+00  0.0000000E+00  0.0000000E+00
 11.3517  0.1844600E-01  0.5976330E-02  0.4414486E-01  0.2523989E-04  0.1684335E-05  0.1849591E-05  0.1732746E-05  0.0000000E+00 -0.1175080E+06  0.0000000E+00  0.0000000E+00  0.0000000E+00
 11.4003  0.1858371E-01  0.6317282E-02  0.4403823E-01  0.2523597E-04  0.1690396E-05  0.1812567E-05  0.1309602E-05  0.0000000E+00 -0.1175132E+06  0.0000000E+00  0.0000000E+00  0.0000000E+00
 11.4522  0.1673605E-01  0.7214795E-02  0.3977457E-01  0.2521664E-04  0.1688245E-05  0.2061906E-05  0.1201610E-05  0.0000000E+00 -0.1175259E+06  0.0000000E+00  0.0000000E+00  0.0000000E+00
 11.5016  0.1323593E-01  0.8270514E-02  0.3234730E-01  0.2518132E-04  0.1678941E-05  0.2319324E-05  0.1037914E-05  0.0000000E+00 -0.1175401E+06  0.0000000E+00  0.0000000E+00  0.0000000E+00
 11.5525  0.8146041E-02  0.9210185E-02  0.2209136E-01  0.2513508E-04  0.1667743E-05  0.2328825E-05  0.8943438E-06  0.0000000E+00 -0.1175527E+06  0.0000000E+00  0.0000000E+00  0.0000000E+00
 11.6026  0.2112228E-02  0.9722556E-02  0.1044447E-01  0.2508514E-04  0.1659335E-05  0.2297813E-05  0.8015707E-06  0.0000000E+00 -0.1175601E+06  0.0000000E+00  0.0000000E+00  0.0000000E+00
 11.6524 -0.4406054E-02  0.9730461E-02 -0.1710973E-02  0.2503921E-04  0.1655380E-05  0.2591530E-05  0.9238433E-06  0.0000000E+00 -0.1175617E+06  0.0000000E+00  0.0000000E+00  0.0000000E+00
 11.7027 -0.1096615E-01  0.9311244E-02 -0.1365308E-01  0.2499840E-04  0.1655635E-05  0.2621149E-05  0.7753582E-06  0.0000000E+00 -0.1175590E+06  0.0000000E+00  0.0000000E+00  0.0000000E+00
 11.7531 -0.1699749E-01  0.8668538E-02 -0.2452523E-01  0.2500971E-04  0.1666899E-05  0.2425475E-05  0.2011516E-05  0.0000000E+00 -0.1175549E+06  0.0000000E+00  0.0000000E+00  0.0000000E+00
 11.8039 -0.2202730E-01  0.8053352E-02 -0.3366747E-01  0.2504448E-04  0.1681694E-05  0.2519393E-05  0.3867588E-05  0.0000000E+00 -0.1175526E+06  0.0000000E+00  0.0000000E+00  0.0000000E+00
 11.8503 -0.2537232E-01  0.7714888E-02 -0.3993427E-01  0.2518995E-04  0.1716885E-05  0.2395580E-05  0.4307505E-05  0.0000000E+00 -0.1175538E+06  0.0000000E+00  0.0000000E+00  0.0000000E+00
 11.9015 -0.2739675E-01  0.7723768E-02 -0.4402502E-01  0.2575621E-04  0.1907637E-05  0.2703001E-05  0.1066156E-04  0.0000000E+00 -0.1175596E+06  0.0000000E+00  0.0000000E+00  0.0000000E+00
 11.9528 -0.2750076E-01  0.8172850E-02 -0.4470697E-01  0.2655053E-04  0.2187784E-05  0.3056652E-05  0.3150025E-04  0.0000000E+00 -0.1175692E+06  0.0000000E+00  0.0000000E+00  0.0000000E+00
 12.0034 -0.2568717E-01  0.8973342E-02 -0.4175450E-01  0.2763844E-04  0.2631767E-05  0.2693319E-05  0.1539059E-04  0.0000000E+00 -0.1175812E+06  0.0000000E+00  0.0000000E+00  0.0000000E+00
 12.0533 -0.2212895E-01  0.9975748E-02 -0.3526096E-01  0.2850013E-04  0.3069066E-05  0.3188153E-05  0.3029536E-04  0.0000000E+00 -0.1175938E+06  0.0000000E+00  0.0000000E+00  0.0000000E+00
 12.1014 -0.1720933E-01  0.1097207E-01 -0.2579444E-01  0.2982018E-04  0.3943807E-05  0.3309244E-05  0.4291345E-04  0.0000000E+00 -0.1176059E+06  0.0000000E+00  0.0000000E+00  0.0000000E+00
 12.1535 -0.1053626E-01  0.1188823E-01 -0.1246204E-01  0.3153898E-04  0.5089200E-05  0.3188293E-05  0.2839516E-04  0.0000000E+00 -0.1176183E+06  0.0000000E+00  0.0000000E+00  0.0000000E+00
 12.2028 -0.3311618E-02  0.1246423E-01  0.2378963E-02  0.3310456E-04  0.6089493E-05  0.3653371E-05  0.3649688E-04  0.0000000E+00 -0.1176289E+06  0.0000000E+00  0.0000000E+00  0.0000000E+00
 12.2501  0.4055390E-02  0.1268505E-01  0.1779237E-01  0.3482538E-04  0.7190964E-05  0.4019054E-05  0.3964144E-04  0.0000000E+00 -0.1176381E+06  0.0000000E+00  0.0000000E+00  0.0000000E+00
 12.3033  0.1238189E-01  0.1255945E-01  0.3540428E-01  0.3660838E-04  0.8298777E-05  0.3700754E-05  0.6343931E-04  0.0000000E+00 -0.1176475E+06  0.0000000E+00  0.0000000E+00  0.0000000E+00
 12.3501  0.1928956E-01  0.1221640E-01  0.5005192E-01  0.3795843E-04  0.9072383E-05  0.4245550E-05  0.3700735E-04  0.0000000E+00 -0.1176549E+06  0.0000000E+00  0.0000000E+00  0.0000000E+00
 12.4017  0.2598520E-01  0.1173672E-01  0.6415356E-01  0.3923626E-04  0.9767548E-05  0.3326968E-05  0.2709023E-04  0.0000000E+00 -0.1176622E+06  0.0000000E+00  0.0000000E+00  0.0000000E+00
 12.4525  0.3121516E-01  0.1137071E-01  0.7495433E-01  0.3995411E-04  0.1010495E-04  0.4453842E-05  0.2149980E-04  0.0000000E+00 -0.1176681E+06  0.0000000E+00  0.0000000E+00  0.0000000E+00
 12.5029  0.3471176E-01  0.1126709E-01  0.8187365E-01  0.4165843E-04  0.1079116E-04  0.4015658E-05  0.6586565E-04  0.0000000E+00 -0.1176722E+06  0.0000000E+00  0.0000000E+00  0.0000000E+00
 12.5521  0.3624019E-01  0.1152921E-01  0.8450982E-01  0.4512440E-04  0.1303375E-04  0.3910175E-05  0.7490269E-04  0.0000000E+00 -0.1176739E+06  0.0000000E+00  0.0000000E+00  0.0000000E+00
 12.6008  0.3576916E-01  0.1216472E-01  0.8295529E-01  0.4731954E-04  0.1476046E-04  0.4080537E-05  0.6102507E-04  0.0000000E+00 -0.1176723E+06  0.0000000E+00  0.0000000E+00  0.0000000E+00
 12.6537  0.3297670E-01  0.1321250E-01  0.7672998E-01  0.5024705E-04  0.1644410E-04  0.4689380E-05  0.1050342E-03  0.0000000E+00 -0.1176655E+06  0.0000000E+00  0.0000000E+00  0.0000000E+00
 12.7000  0.2865880E-01  0.1429304E-01  0.6779417E-01  0.5393643E-04  0.1862204E-04  0.5249493E-05  0.1333368E-03  0.0000000E+00 -0.1176544E+06  0.0000000E+00  0.0000000E+00  0.0000000E+00
 12.7531  0.2178698E-01  0.1553989E-01  0.5424787E-01  0.5941998E-04  0.2252227E-04  0.6461861E-05  0.1617874E-03  0.0000000E+00 -0.1176354E+06  0.0000000E+00  0.0000000E+00  0.0000000E+00
 12.8021  0.1394503E-01  0.1652305E-01  0.3939773E-01  0.6801068E-04  0.3238807E-04  0.6721222E-05  0.1791211E-03  0.0000000E+00 -0.1176108E+06  0.0000000E+00  0.0000000E+00  0.0000000E+00
 12.8531  0.4714354E-02  0.1725093E-01  0.2246776E-01  0.7653668E-04  0.4174942E-04  0.7124788E-05  0.2329842E-03  0.0000000E+00 -0.1175818E+06  0.0000000E+00  0.0000000E+00  0.0000000E+00
 12.9035 -0.4959222E-02  0.1765473E-01  0.5128704E-02  0.8445018E-04  0.4907116E-04  0.7991861E-05  0.2203834E-03  0.0000000E+00 -0.1175504E+06  0.0000000E+00  0.0000000E+00  0.0000000E+00
 12.9526 -0.1437837E-01  0.1776651E-01 -0.1152756E-01  0.9669345E-04  0.6616248E-04  0.7276333E-05  0.3613065E-03  0.0000000E+00 -0.1175190E+06  0.0000000E+00  0.0000000E+00  0.0000000E+00
 13.0008 -0.2306203E-01  0.1770329E-01 -0.2685426E-01  0.1066183E-03  0.8104152E-04  0.7792098E-05  0.2565304E-03  0.0000000E+00 -0.1174944E+06  0.0000000E+00  0.0000000E+00  0.0000000E+00
 13.0524 -0.3120277E-01  0.1757369E-01 -0.4142201E-01  0.1184368E-03  0.9714613E-04  0.8114157E-05  0.3152354E-03  0.0000000E+00 -0.1174748E+06  0.0000000E+00  0.0000000E+00  0.0000000E+00
 13.1011 -0.3731266E-01  0.1754720E-01 -0.5269114E-01  0.1307509E-03  0.1138539E-03  0.9168346E-05  0.4401170E-03  0.0000000E+00 -0.1174645E+06  0.0000000E+00  0.0000000E+00  0.0000000E+00
 13.1515 -0.4166127E-01  0.1775768E-01 -0.6114385E-01  0.1445804E-03  0.1351181E-03  0.1100833E-04  0.3784893E-03  0.0000000E+00 -0.1174636E+06  0.0000000E+00  0.0000000E+00  0.0000000E+00
 13.2014 -0.4370687E-01  0.1822968E-01 -0.6565946E-01  0.1571148E-03  0.1550524E-03  0.1095210E-04  0.3948160E-03  0.0000000E+00 -0.1174695E+06  0.0000000E+00  0.0000000E+00  0.0000000E+00
 13.2521 -0.4336640E-01  0.1907650E-01 -0.6583788E-01  0.1686018E-03  0.1708493E-03  0.1047632E-04  0.3332641E-03  0.0000000E+00 -0.1174813E+06  0.0000000E+00  0.0000000E+00  0.0000000E+00
 13.3016 -0.4072223E-01  0.2016011E-01 -0.6148017E-01  0.1814748E-03  0.1907038E-03  0.1000855E-04  0.4343761E-03  0.0000000E+00 -0.1174951E+06  0.0000000E+00  0.0000000E+00  0.0000000E+00
 13.3506 -0.3601580E-01  0.2141873E-01 -0.5277622E-01  0.1945015E-03  0.2067107E-03  0.1014727E-04  0.4628392E-03  0.0000000E+00 -0.1175097E+06  0.0000000E+00  0.0000000E+00  0.0000000E+00
 13.4008 -0.2934507E-01  0.2266898E-01 -0.3970092E-01  0.2086058E-03  0.2244232E-03  0.1125822E-04  0.5763576E-03  0.0000000E+00 -0.1175232E+06  0.0000000E+00  0.0000000E+00  0.0000000E+00
 13.4503 -0.2131922E-01  0.2366216E-01 -0.2333413E-01  0.2236502E-03  0.2415952E-03  0.1009471E-04  0.4910104E-03  0.0000000E+00 -0.1175363E+06  0.0000000E+00  0.0000000E+00  0.0000000E+00
 13.5011 -0.1212493E-01  0.2434269E-01 -0.4053778E-02  0.2380240E-03  0.2562409E-03  0.1412209E-04  0.5434172E-03  0.0000000E+00 -0.1175487E+06  0.0000000E+00  0.0000000E+00  0.0000000E+00
 13.5521 -0.2443961E-02  0.2455428E-01  0.1662500E-01  0.2579315E-03  0.2798096E-03  0.1606890E-04  0.6746585E-03  0.0000000E+00 -0.1175621E+06  0.0000000E+00  0.0000000E+00  0.0000000E+00
 13.6029  0.7053866E-02  0.2439345E-01  0.3708332E-01  0.2893403E-03  0.3314072E-03  0.1403962E-04  0.1017711E-02  0.0000000E+00 -0.1175776E+06  0.0000000E+00  0.0000000E+00  0.0000000E+00
 13.6505  0.1537328E-01  0.2403649E-01  0.5497916E-01  0.3140409E-03  0.3761603E-03  0.1447068E-04  0.8027101E-03  0.0000000E+00 -0.1175966E+06  0.0000000E+00  0.0000000E+00  0.0000000E+00
 13.7012  0.2315942E-01  0.2366559E-01  0.7151733E-01  0.3378491E-03  0.4133643E-03  0.1467855E-04  0.8981840E-03  0.0000000E+00 -0.1176195E+06  0.0000000E+00  0.0000000E+00  0.0000000E+00
 13.7522  0.2951634E-01  0.2353201E-01  0.8465263E-01  0.3670689E-03  0.4655825E-03  0.1666225E-04  0.9421694E-03  0.0000000E+00 -0.1176479E+06  0.0000000E+00  0.0000000E+00  0.0000000E+00
 13.8019  0.3404155E-01  0.2370731E-01  0.9356458E-01  0.3915007E-03  0.5031307E-03  0.1589746E-04  0.1194480E-02  0.0000000E+00 -0.1176763E+06  0.0000000E+00  0.0000000E+00  0.0000000E+00
 13.8501  0.3673142E-01  0.2420392E-01  0.9839017E-01  0.4215804E-03  0.5623521E-03  0.1466399E-04  0.9918984E-03  0.0000000E+00 -0.1177042E+06  0.0000000E+00  0.0000000E+00  0.0000000E+00
 13.9008  0.3770562E-01  0.2505019E-01  0.9948707E-01  0.4420934E-03  0.5926517E-03  0.1627560E-04  0.8998158E-03  0.0000000E+00 -0.1177311E+06  0.0000000E+00  0.0000000E+00  0.0000000E+00
 13.9504  0.3687117E-01  0.2597469E-01  0.9697727E-01  0.4732577E-03  0.6683422E-03  0.1228165E-04  0.1228641E-02  0.0000000E+00 -0.1177495E+06  0.0000000E+00  0.0000000E+00  0.0000000E+00
 14.0010  0.3433547E-01  0.2694429E-01  0.9129693E-01  0.4913252E-03  0.6889243E-03  0.1646541E-04  0.1182748E-02  0.0000000E+00 -0.1177596E+06  0.0000000E+00  0.0000000E+00  0.0000000E+00
 14.0518  0.3027332E-01  0.2766291E-01  0.8300342E-01  0.5102749E-03  0.7106615E-03  0.1879833E-04  0.9636856E-03  0.0000000E+00 -0.1177577E+06  0.0000000E+00  0.0000000E+00  0.0000000E+00
 14.1019  0.2502775E-01  0.2822955E-01  0.7289376E-01  0.5395037E-03  0.7675317E-03  0.2061063E-04  0.1525033E-02  0.0000000E+00 -0.1177435E+06  0.0000000E+00  0.0000000E+00  0.0000000E+00
 14.1509  0.1897665E-01  0.2844005E-01  0.6168511E-01  0.5628219E-03  0.8175826E-03  0.1638796E-04  0.1156220E-02  0.0000000E+00 -0.1177209E+06  0.0000000E+00  0.0000000E+00  0.0000000E+00
 14.2010  0.1210760E-01  0.2851643E-01  0.4927937E-01  0.5880413E-03  0.8729790E-03  0.1876430E-04  0.1255978E-02  0.0000000E+00 -0.1176878E+06  0.0000000E+00  0.0000000E+00  0.0000000E+00
 14.2506  0.4938328E-02  0.2847266E-01  0.3648655E-01  0.6147572E-03  0.9353600E-03  0.1887884E-04  0.1545671E-02  0.0000000E+00 -0.1176517E+06  0.0000000E+00  0.0000000E+00  0.0000000E+00
 14.3017 -0.2574460E-02  0.2845023E-01  0.2307620E-01  0.6364845E-03  0.9824652E-03  0.1743552E-04  0.1462806E-02  0.0000000E+00 -0.1176107E+06  0.0000000E+00  0.0000000E+00  0.0000000E+00
 14.3518 -0.9782698E-02  0.2849885E-01  0.1006978E-01  0.6586913E-03  0.1024930E-02  0.1585712E-04  0.1281146E-02  0.0000000E+00 -0.1175720E+06  0.0000000E+00  0.0000000E+00  0.0000000E+00
 14.4003 -0.1638524E-01  0.2873699E-01 -0.2072976E-02  0.6863623E-03  0.1089806E-02  0.2024846E-04  0.2045265E-02  0.0000000E+00 -0.1175372E+06  0.0000000E+00  0.0000000E+00  0.0000000E+00
 14.4510 -0.2263505E-01  0.2902722E-01 -0.1385795E-01  0.7181322E-03  0.1153454E-02  0.2363237E-04  0.2072096E-02  0.0000000E+00 -0.1175061E+06  0.0000000E+00  0.0000000E+00  0.0000000E+00
 14.5010 -0.2790565E-01  0.2952050E-01 -0.2408965E-01  0.7612234E-03  0.1267462E-02  0.2099609E-04  0.2353871E-02  0.0000000E+00 -0.1174804E+06  0.0000000E+00  0.0000000E+00  0.0000000E+00
 14.5509 -0.3206340E-01  0.2997079E-01 -0.3242027E-01  0.8218538E-03  0.1479099E-02  0.2212107E-04  0.2627235E-02  0.0000000E+00 -0.1174623E+06  0.0000000E+00  0.0000000E+00  0.0000000E+00
 14.6013 -0.3491746E-01  0.3044821E-01 -0.3839521E-01  0.8721003E-03  0.1609495E-02  0.2100994E-04  0.2529906E-02  0.0000000E+00 -0.1174503E+06  0.0000000E+00  0.0000000E+00  0.0000000E+00
 14.6518 -0.3627429E-01  0.3093687E-01 -0.4152355E-01  0.9155707E-03  0.1692755E-02  0.2294013E-04  0.2273066E-02  0.0000000E+00 -0.1174466E+06  0.0000000E+00  0.0000000E+00  0.0000000E+00
 14.7006 -0.3608052E-01  0.3134135E-01 -0.4157333E-01  0.9467632E-03  0.1718111E-02  0.2067217E-04  0.2162148E-02  0.0000000E+00 -0.1174479E+06  0.0000000E+00  0.0000000E+00  0.0000000E+00
 14.7515 -0.3429655E-01  0.3192938E-01 -0.3840387E-01  0.9795743E-03  0.1720995E-02  0.2853411E-04  0.2576896E-02  0.0000000E+00 -0.1174566E+06  0.0000000E+00  0.0000000E+00  0.0000000E+00
 14.8006 -0.3114060E-01  0.3239180E-01 -0.3234072E-01  0.1032940E-02  0.1819983E-02  0.2896241E-04  0.2816371E-02  0.0000000E+00 -0.1174713E+06  0.0000000E+00  0.0000000E+00  0.0000000E+00
 14.8501 -0.2668029E-01  0.3280688E-01 -0.2348924E-01  0.1069895E-02  0.1863371E-02  0.2538067E-04  0.2670158E-02  0.0000000E+00 -0.1174877E+06  0.0000000E+00  0.0000000E+00  0.0000000E+00
 14.9010 -0.2100368E-01  0.3321604E-01 -0.1201293E-01  0.1111681E-02  0.1920886E-02  0.2952307E-04  0.2656165E-02  0.0000000E+00 -0.1175061E+06  0.0000000E+00  0.0000000E+00  0.0000000E+00
 14.9508 -0.1467532E-01  0.3365807E-01  0.9382453E-03  0.1163372E-02  0.2009155E-02  0.3163165E-04  0.3821119E-02  0.0000000E+00 -0.1175246E+06  0.0000000E+00  0.0000000E+00  0.0000000E+00
 15.0007 -0.7939263E-02  0.3388789E-01  0.1485354E-01  0.1248834E-02  0.2207253E-02  0.3075735E-04  0.3717796E-02  0.0000000E+00 -0.1175485E+06  0.0000000E+00  0.0000000E+00  0.0000000E+00
 15.0506 -0.1177032E-02  0.3410614E-01  0.2891755E-01  0.1324004E-02  0.2387229E-02  0.4076892E-04  0.4074201E-02  0.0000000E+00 -0.1175705E+06  0.0000000E+00  0.0000000E+00  0.0000000E+00
 15.1012  0.5318677E-02  0.3427374E-01  0.4245977E-01  0.1408649E-02  0.2594489E-02  0.3137724E-04  0.5113792E-02  0.0000000E+00 -0.1175891E+06  0.0000000E+00  0.0000000E+00  0.0000000E+00
 15.1502  0.1088206E-01  0.3422173E-01  0.5405633E-01  0.1496409E-02  0.2848829E-02  0.3270819E-04  0.4411644E-02  0.0000000E+00 -0.1176068E+06  0.0000000E+00  0.0000000E+00  0.0000000E+00
 15.2007  0.1552739E-01  0.3432285E-01  0.6368469E-01  0.1565091E-02  0.3053278E-02  0.3371248E-04  0.6371555E-02  0.0000000E+00 -0.1176276E+06  0.0000000E+00  0.0000000E+00  0.0000000E+00
 15.2504  0.1858871E-01  0.3441174E-01  0.6990069E-01  0.1673497E-02  0.4069758E-02  0.2769551E-04  0.5697095E-02  0.0000000E+00 -0.1176435E+06  0.0000000E+00  0.0000000E+00  0.0000000E+00
 15.3000  0.2021448E-01  0.3458439E-01  0.7297583E-01  0.1698127E-02  0.3415742E-02  0.4523823E-04  0.4464124E-02  0.0000000E+00 -0.1176583E+06  0.0000000E+00  0.0000000E+00  0.0000000E+00
 15.3507  0.2058857E-01  0.3486731E-01  0.7334528E-01  0.1772047E-02  0.3324911E-02  0.3163580E-04  0.4572545E-02  0.0000000E+00 -0.1176772E+06  0.0000000E+00  0.0000000E+00  0.0000000E+00
 15.4007  0.1988839E-01  0.3510339E-01  0.7147575E-01  0.1830039E-02  0.3359712E-02  0.2329475E-04  0.3963675E-02  0.0000000E+00 -0.1176904E+06  0.0000000E+00  0.0000000E+00  0.0000000E+00
 15.4511  0.1830728E-01  0.3556316E-01  0.6786305E-01  0.1871137E-02  0.3368812E-02  0.2474461E-04  0.4504303E-02  0.0000000E+00 -0.1177030E+06  0.0000000E+00  0.0000000E+00  0.0000000E+00
 15.5007  0.1614320E-01  0.3616574E-01  0.6322392E-01  0.1892399E-02  0.3317985E-02  0.2410717E-04  0.4536847E-02  0.0000000E+00 -0.1177090E+06  0.0000000E+00  0.0000000E+00  0.0000000E+00
 15.5508  0.1361909E-01  0.3671094E-01  0.5806144E-01  0.1963942E-02  0.3436537E-02  0.2946651E-04  0.6398283E-02  0.0000000E+00 -0.1177121E+06  0.0000000E+00  0.0000000E+00  0.0000000E+00
 15.6003  0.1100242E-01  0.3710294E-01  0.5293181E-01  0.2074682E-02  0.3703403E-02  0.3274015E-04  0.6062525E-02  0.0000000E+00 -0.1177185E+06  0.0000000E+00  0.0000000E+00  0.0000000E+00
 15.6506  0.8348971E-02  0.3742001E-01  0.4792651E-01  0.2150921E-02  0.3883027E-02  0.3332303E-04  0.6180670E-02  0.0000000E+00 -0.1177026E+06  0.0000000E+00  0.0000000E+00  0.0000000E+00
 15.7001  0.5839097E-02  0.3747463E-01  0.4336076E-01  0.2247012E-02  0.4140862E-02  0.3145760E-04  0.5738116E-02  0.0000000E+00 -0.1176962E+06  0.0000000E+00  0.0000000E+00  0.0000000E+00
 15.7508  0.3442777E-02  0.3730114E-01  0.3911085E-01  0.2317903E-02  0.4307865E-02  0.3165167E-04  0.5508884E-02  0.0000000E+00 -0.1176817E+06  0.0000000E+00  0.0000000E+00  0.0000000E+00
 15.8009  0.1275088E-02  0.3727858E-01  0.3530032E-01  0.2401642E-02  0.4500952E-02  0.3213876E-04  0.5630868E-02  0.0000000E+00 -0.1176538E+06  0.0000000E+00  0.0000000E+00  0.0000000E+00
 15.8507 -0.6882727E-03  0.3717152E-01  0.3185376E-01  0.2507765E-02  0.4761678E-02  0.2701935E-04  0.5968252E-02  0.0000000E+00 -0.1176432E+06  0.0000000E+00  0.0000000E+00  0.0000000E+00
 15.9010 -0.2528702E-02  0.3744265E-01  0.2856310E-01  0.2595243E-02  0.4912215E-02  0.5243995E-04  0.8010524E-02  0.0000000E+00 -0.1176141E+06  0.0000000E+00  0.0000000E+00  0.0000000E+00
 15.9501 -0.4279497E-02  0.3771755E-01  0.2534251E-01  0.2736421E-02  0.5403977E-02  0.2888564E-04  0.7862363E-02  0.0000000E+00 -0.1175988E+06  0.0000000E+00  0.0000000E+00  0.0000000E+00
 16.0003 -0.6233742E-02  0.3797837E-01  0.2169942E-01  0.2847518E-02  0.5771588E-02  0.2540149E-04  0.7090922E-02  0.0000000E+00 -0.1175788E+06  0.0000000E+00  0.0000000E+00  0.0000000E+00
 16.0506 -0.8520330E-02  0.3818106E-01  0.1736149E-01  0.2941725E-02  0.6186931E-02  0.4746948E-04  0.7382442E-02  0.0000000E+00 -0.1175552E+06  0.0000000E+00  0.0000000E+00  0.0000000E+00
 16.1007 -0.1178984E-01  0.3670066E-01  0.1087750E-01  0.4361701E-02  0.5104174E-01  0.2821280E-04  0.4112950E-01  0.0000000E+00 -0.1175504E+06  0.0000000E+00  0.0000000E+00  0.0000000E+00
 16.1505 -0.1522110E-01  0.3678579E-01  0.3712556E-02  0.3246993E-02  0.1259588E-01  0.2732173E-03  0.8139035E-02  0.0000000E+00 -0.1175144E+06  0.0000000E+00  0.0000000E+00  0.0000000E+00
 16.2010 -0.1837798E-01  0.3364726E-01 -0.3267184E-02  0.2892005E-02  0.6609163E-02  0.2545787E-04  0.4357178E-02  0.0000000E+00 -0.1174939E+06  0.0000000E+00  0.0000000E+00  0.0000000E+00
 16.2503 -0.2089517E-01  0.3296557E-01 -0.9231569E-02  0.2763240E-02  0.5143279E-02  0.2025315E-04  0.8657977E-02  0.0000000E+00 -0.1174892E+06  0.0000000E+00  0.0000000E+00  0.0000000E+00
 16.3004 -0.2259967E-01  0.3268374E-01 -0.1380678E-01  0.2664894E-02  0.4378978E-02  0.2019962E-04  0.3054577E-02  0.0000000E+00 -0.1174923E+06  0.0000000E+00  0.0000000E+00  0.0000000E+00
 16.3504 -0.2327647E-01  0.3310121E-01 -0.1644104E-01  0.2552817E-02  0.3743503E-02  0.2199153E-04  0.2696167E-02  0.0000000E+00 -0.1175133E+06  0.0000000E+00  0.0000000E+00  0.0000000E+00
 16.4002 -0.2266196E-01  0.3390086E-01 -0.1641820E-01  0.2477157E-02  0.3337722E-02  0.1838590E-04  0.2589068E-02  0.0000000E+00 -0.1175311E+06  0.0000000E+00  0.0000000E+00  0.0000000E+00
 16.4500 -0.2072409E-01  0.3490951E-01 -0.1349829E-01  0.2712208E-02  0.4877446E-02  0.4971019E-04  0.9807205E-02  0.0000000E+00 -0.1175764E+06  0.0000000E+00  0.0000000E+00  0.0000000E+00
 16.5004 -0.1740370E-01  0.3573411E-01 -0.7441126E-02  0.2950405E-02  0.5889912E-02  0.2106304E-04  0.5434939E-02  0.0000000E+00 -0.1176102E+06  0.0000000E+00  0.0000000E+00  0.0000000E+00
 16.5508 -0.1287323E-01  0.3631256E-01  0.1387859E-02  0.2872560E-02  0.5027198E-02  0.1428431E-04  0.3103640E-02  0.0000000E+00 -0.1176393E+06  0.0000000E+00  0.0000000E+00  0.0000000E+00
 16.6003 -0.7422947E-02  0.3651555E-01  0.1239959E-01  0.2802663E-02  0.4387132E-02  0.1133632E-04  0.3190528E-02  0.0000000E+00 -0.1176711E+06  0.0000000E+00  0.0000000E+00  0.0000000E+00
 16.6510 -0.1117333E-02  0.3622203E-01  0.2543480E-01  0.2760313E-02  0.3943155E-02  0.1520932E-04  0.3196089E-02  0.0000000E+00 -0.1177023E+06  0.0000000E+00  0.0000000E+00  0.0000000E+00
 16.7006  0.5550862E-02  0.3543776E-01  0.3940029E-01  0.2746995E-02  0.3660599E-02  0.1333872E-04  0.3777125E-02  0.0000000E+00 -0.1177327E+06  0.0000000E+00  0.0000000E+00  0.0000000E+00
 16.7501  0.1247081E-01  0.3426116E-01  0.5396582E-01  0.2777154E-02  0.3537598E-02  0.1776764E-04  0.4138058E-02  0.0000000E+00 -0.1177622E+06  0.0000000E+00  0.0000000E+00  0.0000000E+00
 16.8002  0.1953421E-01  0.3273691E-01  0.6876217E-01  0.2816021E-02  0.3463946E-02  0.1418552E-04  0.3936054E-02  0.0000000E+00 -0.1177880E+06  0.0000000E+00  0.0000000E+00  0.0000000E+00
 16.8507  0.2653803E-01  0.3118720E-01  0.8315805E-01  0.2833658E-02  0.3368293E-02  0.1244772E-04  0.3119040E-02  0.0000000E+00 -0.1178178E+06  0.0000000E+00  0.0000000E+00  0.0000000E+00
 16.9003  0.3306909E-01  0.2998725E-01  0.9614737E-01  0.2814080E-02  0.3213671E-02  0.1220568E-04  0.2501560E-02  0.0000000E+00 -0.1178471E+06  0.0000000E+00  0.0000000E+00  0.0000000E+00
 16.9501  0.3904021E-01  0.2934719E-01  0.1075089E+00  0.2782961E-02  0.3050661E-02  0.1133519E-04  0.2687530E-02  0.0000000E+00 -0.1178776E+06  0.0000000E+00  0.0000000E+00  0.0000000E+00
 17.0006  0.4422688E-01  0.2938669E-01  0.1168547E+00  0.2764241E-02  0.2921626E-02  0.1028649E-04  0.2795895E-02  0.0000000E+00 -0.1179138E+06  0.0000000E+00  0.0000000E+00  0.0000000E+00
 17.0504  0.4823542E-01  0.3030583E-01  0.1236365E+00  0.2821340E-02  0.2969546E-02  0.1994249E-04  0.1273560E-01  0.0000000E+00 -0.1179492E+06  0.0000000E+00  0.0000000E+00  0.0000000E+00
 17.1002  0.5100995E-01  0.3125343E-01  0.1279745E+00  0.2956604E-02  0.3271082E-02  0.1387228E-04  0.5099471E-02  0.0000000E+00 -0.1179854E+06  0.0000000E+00  0.0000000E+00  0.0000000E+00
 17.1501  0.5247652E-01  0.3222631E-01  0.1299333E+00  0.3033233E-02  0.3384539E-02  0.1543275E-04  0.5083978E-02  0.0000000E+00 -0.1180170E+06  0.0000000E+00  0.0000000E+00  0.0000000E+00
 17.2000  0.5265548E-01  0.3295310E-01  0.1297200E+00  0.3077898E-02  0.3432261E-02  0.1300809E-04  0.6578002E-02  0.0000000E+00 -0.1180376E+06  0.0000000E+00  0.0000000E+00  0.0000000E+00
 17.2501  0.5150767E-01  0.3320820E-01  0.1273090E+00  0.3099915E-02  0.3448209E-02  0.1306634E-04  0.3721725E-02  0.0000000E+00 -0.1180476E+06  0.0000000E+00  0.0000000E+00  0.0000000E+00
 17.3002  0.4916928E-01  0.3280250E-01  0.1228885E+00  0.3053019E-02  0.3281881E-02  0.1195803E-04  0.2563070E-02  0.0000000E+00 -0.1180446E+06  0.0000000E+00  0.0000000E+00  0.0000000E+00
 17.3505  0.4588176E-01  0.3192711E-01  0.1167805E+00  0.2973788E-02  0.3058101E-02  0.1258726E-04  0.2179860E-02  0.0000000E+00 -0.1180305E+06  0.0000000E+00  0.0000000E+00  0.0000000E+00
 17.4004  0.4200811E-01  0.3073705E-01  0.1095375E+00  0.2885015E-02  0.2835744E-02  0.9153622E-05  0.1901306E-02  0.0000000E+00 -0.1180108E+06  0.0000000E+00  0.0000000E+00  0.0000000E+00
 17.4505  0.3782497E-01  0.2941868E-01  0.1015454E+00  0.2789835E-02  0.2620716E-02  0.7444948E-05  0.1626535E-02  0.0000000E+00 -0.1179889E+06  0.0000000E+00  0.0000000E+00  0.0000000E+00
 17.5003  0.3370339E-01  0.2825548E-01  0.9345326E-01  0.2694604E-02  0.2422431E-02  0.7544342E-05  0.1396852E-02  0.0000000E+00 -0.1179655E+06  0.0000000E+00  0.0000000E+00  0.0000000E+00
 17.5510  0.2985273E-01  0.2739908E-01  0.8563198E-01  0.2601405E-02  0.2240481E-02  0.7289701E-05  0.1329161E-02  0.0000000E+00 -0.1179427E+06  0.0000000E+00  0.0000000E+00  0.0000000E+00
 17.6001  0.2663614E-01  0.2697639E-01  0.7881388E-01  0.2518400E-02  0.2085742E-02  0.6855048E-05  0.1129154E-02  0.0000000E+00 -0.1179253E+06  0.0000000E+00  0.0000000E+00  0.0000000E+00
 17.6510  0.2399991E-01  0.2698762E-01  0.7291189E-01  0.2437171E-02  0.1941358E-02  0.5923843E-05  0.9504922E-03  0.0000000E+00 -0.1179120E+06  0.0000000E+00  0.0000000E+00  0.0000000E+00
 17.7001  0.2221450E-01  0.2736652E-01  0.6858080E-01  0.2361549E-02  0.1813479E-02  0.6045550E-05  0.8143523E-03  0.0000000E+00 -0.1179056E+06  0.0000000E+00  0.0000000E+00  0.0000000E+00
 17.7507  0.2120782E-01  0.2802598E-01  0.6571839E-01  0.2289559E-02  0.1695835E-02  0.5851747E-05  0.7316129E-03  0.0000000E+00 -0.1179035E+06  0.0000000E+00  0.0000000E+00  0.0000000E+00
 17.8005  0.2105741E-01  0.2879631E-01  0.6461544E-01  0.2226496E-02  0.1594940E-02  0.5796106E-05  0.6981188E-03  0.0000000E+00 -0.1179090E+06  0.0000000E+00  0.0000000E+00  0.0000000E+00
 17.8507  0.2173711E-01  0.2953997E-01  0.6529887E-01  0.2167820E-02  0.1503251E-02  0.5252515E-05  0.6258131E-03  0.0000000E+00 -0.1179195E+06  0.0000000E+00  0.0000000E+00  0.0000000E+00
 17.9000  0.2319341E-01  0.3010050E-01  0.6774870E-01  0.2115386E-02  0.1422620E-02  0.5728073E-05  0.5872331E-03  0.0000000E+00 -0.1179351E+06  0.0000000E+00  0.0000000E+00  0.0000000E+00
 17.9509  0.2547127E-01  0.3039217E-01  0.7208316E-01  0.2066451E-02  0.1348261E-02  0.5294152E-05  0.5534454E-03  0.0000000E+00 -0.1179553E+06  0.0000000E+00  0.0000000E+00  0.0000000E+00
 18.0010  0.2842628E-01  0.3033857E-01  0.7803761E-01  0.2023122E-02  0.1282907E-02  0.6133995E-05  0.5379086E-03  0.0000000E+00 -0.1179787E+06  0.0000000E+00  0.0000000E+00  0.0000000E+00
 18.0501  0.3196503E-01  0.2995732E-01  0.8538413E-01  0.1984497E-02  0.1225018E-02  0.6011161E-05  0.5137356E-03  0.0000000E+00 -0.1180044E+06  0.0000000E+00  0.0000000E+00  0.0000000E+00
 18.1004  0.3616959E-01  0.2928261E-01  0.9423798E-01  0.1948643E-02  0.1171543E-02  0.5858812E-05  0.4926043E-03  0.0000000E+00 -0.1180332E+06  0.0000000E+00  0.0000000E+00  0.0000000E+00
 18.1511  0.4093691E-01  0.2841207E-01  0.1043076E+00  0.1915532E-02  0.1122529E-02  0.6471228E-05  0.4921405E-03  0.0000000E+00 -0.1180639E+06  0.0000000E+00  0.0000000E+00  0.0000000E+00
 18.2008  0.4600694E-01  0.2750021E-01  0.1149531E+00  0.1887382E-02  0.1080263E-02  0.5828439E-05  0.5095961E-03  0.0000000E+00 -0.1180948E+06  0.0000000E+00  0.0000000E+00  0.0000000E+00
 18.2508  0.5140481E-01  0.2665398E-01  0.1261477E+00  0.1861097E-02  0.1041226E-02  0.5413587E-05  0.5230300E-03  0.0000000E+00 -0.1181274E+06  0.0000000E+00  0.0000000E+00  0.0000000E+00
 18.3011  0.5698936E-01  0.2599081E-01  0.1375319E+00  0.1836441E-02  0.1005138E-02  0.5148116E-05  0.5226244E-03  0.0000000E+00 -0.1181611E+06  0.0000000E+00  0.0000000E+00  0.0000000E+00
 18.3502  0.6243364E-01  0.2560220E-01  0.1484166E+00  0.1814119E-02  0.9728696E-03  0.5327195E-05  0.5101928E-03  0.0000000E+00 -0.1181947E+06  0.0000000E+00  0.0000000E+00  0.0000000E+00
 18.4009  0.6790590E-01  0.2549192E-01  0.1591424E+00  0.1793930E-02  0.9432936E-03  0.5872887E-05  0.6356189E-03  0.0000000E+00 -0.1182291E+06  0.0000000E+00  0.0000000E+00  0.0000000E+00
 18.4511  0.7298093E-01  0.2562640E-01  0.1689156E+00  0.1774228E-02  0.9154725E-03  0.5610252E-05  0.5348815E-03  0.0000000E+00 -0.1182631E+06  0.0000000E+00  0.0000000E+00  0.0000000E+00
 18.5005  0.7749325E-01  0.2592944E-01  0.1774943E+00  0.1754746E-02  0.8891390E-03  0.5988073E-05  0.5382959E-03  0.0000000E+00 -0.1182945E+06  0.0000000E+00  0.0000000E+00  0.0000000E+00
 18.5505  0.8143594E-01  0.2630979E-01  0.1849411E+00  0.1735312E-02  0.8638130E-03  0.6277092E-05  0.5394096E-03  0.0000000E+00 -0.1183235E+06  0.0000000E+00  0.0000000E+00  0.0000000E+00
 18.6002  0.8463246E-01  0.2666486E-01  0.1909865E+00  0.1715845E-02  0.8395587E-03  0.6178195E-05  0.5308840E-03  0.0000000E+00 -0.1183487E+06  0.0000000E+00  0.0000000E+00  0.0000000E+00
 18.6503  0.8704976E-01  0.2691996E-01  0.1956091E+00  0.1695637E-02  0.8156980E-03  0.5828580E-05  0.5124316E-03  0.0000000E+00 -0.1183699E+06  0.0000000E+00  0.0000000E+00  0.0000000E+00
 18.7007  0.8864289E-01  0.2702366E-01  0.1987382E+00  0.1674364E-02  0.7919654E-03  0.6343306E-05  0.4885680E-03  0.0000000E+00 -0.1183870E+06  0.0000000E+00  0.0000000E+00  0.0000000E+00
 18.7500  0.8939767E-01  0.2695922E-01  0.2003297E+00  0.1652535E-02  0.7688793E-03  0.6280392E-05  0.4636055E-03  0.0000000E+00 -0.1183998E+06  0.0000000E+00  0.0000000E+00  0.0000000E+00
 18.8011  0.8939476E-01  0.2673062E-01  0.2005155E+00  0.1629028E-02  0.7451906E-03  0.6532133E-05  0.4371826E-03  0.0000000E+00 -0.1184094E+06  0.0000000E+00  0.0000000E+00  0.0000000E+00
 18.8511  0.8871604E-01  0.2638003E-01  0.1994025E+00  0.1605205E-02  0.7221916E-03  0.6241934E-05  0.4114314E-03  0.0000000E+00 -0.1184153E+06  0.0000000E+00  0.0000000E+00  0.0000000E+00
 18.9013  0.8748667E-01  0.2595292E-01  0.1971925E+00  0.1580610E-02  0.6993301E-03  0.5487485E-05  0.3845495E-03  0.0000000E+00 -0.1184181E+06  0.0000000E+00  0.0000000E+00  0.0000000E+00
 18.9505  0.8590634E-01  0.2552815E-01  0.1942279E+00  0.1556082E-02  0.6772893E-03  0.5527771E-05  0.3559082E-03  0.0000000E+00 -0.1184178E+06  0.0000000E+00  0.0000000E+00  0.0000000E+00
 19.0012  0.8405650E-01  0.2515908E-01  0.1906339E+00  0.1530474E-02  0.6549628E-03  0.4768861E-05  0.3254947E-03  0.0000000E+00 -0.1184152E+06  0.0000000E+00  0.0000000E+00  0.0000000E+00
 19.0508  0.8220374E-01  0.2493888E-01  0.1868982E+00  0.1505480E-02  0.6337243E-03  0.5336330E-05  0.2967726E-03  0.0000000E+00 -0.1184111E+06  0.0000000E+00  0.0000000E+00  0.0000000E+00
 19.1005  0.8044036E-01  0.2491022E-01  0.1831833E+00  0.1480707E-02  0.6131125E-03  0.4733344E-05  0.2718990E-03  0.0000000E+00 -0.1184066E+06  0.0000000E+00  0.0000000E+00  0.0000000E+00
 19.1505  0.7888431E-01  0.2509674E-01  0.1797226E+00  0.1456571E-02  0.5933407E-03  0.4685404E-05  0.2544681E-03  0.0000000E+00 -0.1184024E+06  0.0000000E+00  0.0000000E+00  0.0000000E+00
 19.2006  0.7762474E-01  0.2548128E-01  0.1767229E+00  0.1433478E-02  0.5745969E-03  0.4622302E-05  0.2442568E-03  0.0000000E+00 -0.1183994E+06  0.0000000E+00  0.0000000E+00  0.0000000E+00
 19.2508  0.7672454E-01  0.2600860E-01  0.1743667E+00  0.1411712E-02  0.5569863E-03  0.4870680E-05  0.2377302E-03  0.0000000E+00 -0.1183976E+06  0.0000000E+00  0.0000000E+00  0.0000000E+00
 19.3013  0.7620888E-01  0.2659837E-01  0.1727740E+00  0.1391235E-02  0.5404461E-03  0.4756266E-05  0.2310852E-03  0.0000000E+00 -0.1183973E+06  0.0000000E+00  0.0000000E+00  0.0000000E+00
 19.3506  0.7608816E-01  0.2715069E-01  0.1720480E+00  0.1372405E-02  0.5252702E-03  0.4563673E-05  0.2221193E-03  0.0000000E+00 -0.1183985E+06  0.0000000E+00  0.0000000E+00  0.0000000E+00
 19.4000  0.7634260E-01  0.2761382E-01  0.1721848E+00  0.1354422E-02  0.5108415E-03  0.4781055E-05  0.2112410E-03  0.0000000E+00 -0.1184019E+06  0.0000000E+00  0.0000000E+00  0.0000000E+00
 19.4511  0.7698490E-01  0.2794429E-01  0.1732383E+00  0.1336664E-02  0.4966759E-03  0.4894493E-05  0.2010025E-03  0.0000000E+00 -0.1184080E+06  0.0000000E+00  0.0000000E+00  0.0000000E+00
 19.5009  0.7797525E-01  0.2809065E-01  0.1751587E+00  0.1320170E-02  0.4835543E-03  0.4919597E-05  0.1948331E-03  0.0000000E+00 -0.1184173E+06  0.0000000E+00  0.0000000E+00  0.0000000E+00
 19.5510  0.7931958E-01  0.2804863E-01  0.1779521E+00  0.1304539E-02  0.4710953E-03  0.4843704E-05  0.1929914E-03  0.0000000E+00 -0.1184300E+06  0.0000000E+00  0.0000000E+00  0.0000000E+00
 19.6013  0.8101894E-01  0.2782046E-01  0.1816106E+00  0.1289859E-02  0.4593123E-03  0.4610444E-05  0.1934274E-03  0.0000000E+00 -0.1184458E+06  0.0000000E+00  0.0000000E+00  0.0000000E+00
 19.6503  0.8301422E-01  0.2744334E-01  0.1859763E+00  0.1276462E-02  0.4484717E-03  0.4660275E-05  0.1930162E-03  0.0000000E+00 -0.1184638E+06  0.0000000E+00  0.0000000E+00  0.0000000E+00
 19.7014  0.8544808E-01  0.2694109E-01  0.1913132E+00  0.1263306E-02  0.4377743E-03  0.5050730E-05  0.1902489E-03  0.0000000E+00 -0.1184846E+06  0.0000000E+00  0.0000000E+00  0.0000000E+00
 19.7504  0.8812002E-01  0.2642530E-01  0.1971200E+00  0.1251293E-02  0.4280124E-03  0.4850932E-05  0.1866053E-03  0.0000000E+00 -0.1185064E+06  0.0000000E+00  0.0000000E+00  0.0000000E+00
 19.8001  0.9115570E-01  0.2594683E-01  0.2036072E+00  0.1239630E-02  0.4185728E-03  0.4402770E-05  0.1848123E-03  0.0000000E+00 -0.1185303E+06  0.0000000E+00  0.0000000E+00  0.0000000E+00
 19.8505  0.9453612E-01  0.2557997E-01  0.2106774E+00  0.1228427E-02  0.4095241E-03  0.4568467E-05  0.1873631E-03  0.0000000E+00 -0.1185562E+06  0.0000000E+00  0.0000000E+00  0.0000000E+00
 19.9012  0.9818597E-01  0.2537746E-01  0.2181432E+00  0.1217921E-02  0.4010119E-03  0.4613468E-05  0.1939519E-03  0.0000000E+00 -0.1185834E+06  0.0000000E+00  0.0000000E+00  0.0000000E+00
 19.9514  0.1019876E+00  0.2535060E-01  0.2257698E+00  0.1208227E-02  0.3931234E-03  0.4530452E-05  0.2011511E-03  0.0000000E+00 -0.1186109E+06  0.0000000E+00  0.0000000E+00  0.0000000E+00
 20.0014  0.1058582E+00  0.2547716E-01  0.2334199E+00  0.1199171E-02  0.3857536E-03  0.4603134E-05  0.2066023E-03  0.0000000E+00 -0.1186379E+06  0.0000000E+00  0.0000000E+00  0.0000000E+00
 20.0508  0.1096691E+00  0.2571526E-01  0.2408772E+00  0.1190556E-02  0.3788209E-03  0.4843882E-05  0.2086639E-03  0.0000000E+00 -0.1186635E+06  0.0000000E+00  0.0000000E+00  0.0000000E+00
 20.1003  0.1133613E+00  0.2602484E-01  0.2480586E+00  0.1182043E-02  0.3721231E-03  0.5302868E-05  0.2083795E-03  0.0000000E+00 -0.1186876E+06  0.0000000E+00  0.0000000E+00  0.0000000E+00
 20.1500  0.1168326E+00  0.2636616E-01  0.2547897E+00  0.1173470E-02  0.3655753E-03  0.4721884E-05  0.2073399E-03  0.0000000E+00 -0.1187103E+06  0.0000000E+00  0.0000000E+00  0.0000000E+00
 20.2015  0.1200663E+00  0.2671104E-01  0.2610570E+00  0.1164491E-02  0.3589377E-03  0.5249579E-05  0.2058063E-03  0.0000000E+00 -0.1187325E+06  0.0000000E+00  0.0000000E+00  0.0000000E+00
 20.2501  0.1227044E+00  0.2699478E-01  0.2661833E+00  0.1155850E-02  0.3527554E-03  0.4848692E-05  0.2037059E-03  0.0000000E+00 -0.1187523E+06  0.0000000E+00  0.0000000E+00  0.0000000E+00
 20.3004  0.1249530E+00  0.2721243E-01  0.2705872E+00  0.1146710E-02  0.3464107E-03  0.5265104E-05  0.2002144E-03  0.0000000E+00 -0.1187715E+06  0.0000000E+00  0.0000000E+00  0.0000000E+00
 20.3509  0.1266916E+00  0.2732627E-01  0.2740538E+00  0.1137282E-02  0.3400581E-03  0.5031428E-05  0.1942747E-03  0.0000000E+00 -0.1187891E+06  0.0000000E+00  0.0000000E+00  0.0000000E+00
 20.4001  0.1278942E+00  0.2732363E-01  0.2765385E+00  0.1127803E-02  0.3338540E-03  0.5024127E-05  0.1858009E-03  0.0000000E+00 -0.1188043E+06  0.0000000E+00  0.0000000E+00  0.0000000E+00
 20.4510  0.1286712E+00  0.2720897E-01  0.2782640E+00  0.1117653E-02  0.3273974E-03  0.4925240E-05  0.1754749E-03  0.0000000E+00 -0.1188178E+06  0.0000000E+00  0.0000000E+00  0.0000000E+00
 20.5005  0.1290383E+00  0.2701457E-01  0.2792319E+00  0.1107530E-02  0.3211119E-03  0.5168725E-05  0.1657033E-03  0.0000000E+00 -0.1188287E+06  0.0000000E+00  0.0000000E+00  0.0000000E+00
 20.5501  0.1291054E+00  0.2678127E-01  0.2796318E+00  0.1097280E-02  0.3148659E-03  0.5190149E-05  0.1573766E-03  0.0000000E+00 -0.1188375E+06  0.0000000E+00  0.0000000E+00  0.0000000E+00
 20.6015  0.1289494E+00  0.2655235E-01  0.2795825E+00  0.1086742E-02  0.3085342E-03  0.4678016E-05  0.1506116E-03  0.0000000E+00 -0.1188446E+06  0.0000000E+00  0.0000000E+00  0.0000000E+00
 20.6515  0.1286647E+00  0.2639357E-01  0.2792123E+00  0.1076675E-02  0.3025492E-03  0.4657884E-05  0.1451710E-03  0.0000000E+00 -0.1188499E+06  0.0000000E+00  0.0000000E+00  0.0000000E+00
 20.7016  0.1283229E+00  0.2633792E-01  0.2786359E+00  0.1066806E-02  0.2967356E-03  0.4981706E-05  0.1401779E-03  0.0000000E+00 -0.1188538E+06  0.0000000E+00  0.0000000E+00  0.0000000E+00
 20.7502  0.1279925E+00  0.2640591E-01  0.2779683E+00  0.1057436E-02  0.2912695E-03  0.4502057E-05  0.1354630E-03  0.0000000E+00 -0.1188565E+06  0.0000000E+00  0.0000000E+00  0.0000000E+00
 20.8006  0.1276941E+00  0.2660972E-01  0.2772423E+00  0.1047941E-02  0.2857898E-03  0.4986045E-05  0.1309702E-03  0.0000000E+00 -0.1188585E+06  0.0000000E+00  0.0000000E+00  0.0000000E+00
 20.8512  0.1274638E+00  0.2693765E-01  0.2765367E+00  0.1038607E-02  0.2804686E-03  0.4535531E-05  0.1274620E-03  0.0000000E+00 -0.1188600E+06  0.0000000E+00  0.0000000E+00  0.0000000E+00
 20.9004  0.1273183E+00  0.2734674E-01  0.2759212E+00  0.1029730E-02  0.2754656E-03  0.4776821E-05  0.1251746E-03  0.0000000E+00 -0.1188617E+06  0.0000000E+00  0.0000000E+00  0.0000000E+00
 20.9513  0.1272555E+00  0.2782167E-01  0.2754097E+00  0.1020746E-02  0.2704544E-03  0.5109647E-05  0.1233546E-03  0.0000000E+00 -0.1188639E+06  0.0000000E+00  0.0000000E+00  0.0000000E+00
 21.0009  0.1272879E+00  0.2828436E-01  0.2750977E+00  0.1012219E-02  0.2657356E-03  0.4839731E-05  0.1213882E-03  0.0000000E+00 -0.1188670E+06  0.0000000E+00  0.0000000E+00  0.0000000E+00
 21.0505  0.1274263E+00  0.2869894E-01  0.2750436E+00  0.1003854E-02  0.2611310E-03  0.5211737E-05  0.1185215E-03  0.0000000E+00 -0.1188715E+06  0.0000000E+00  0.0000000E+00  0.0000000E+00
 21.1003  0.1276947E+00  0.2902138E-01  0.2753387E+00  0.9956414E-03  0.2566216E-03  0.5294284E-05  0.1146490E-03  0.0000000E+00 -0.1188777E+06  0.0000000E+00  0.0000000E+00  0.0000000E+00
 21.1502  0.1281244E+00  0.2921776E-01  0.2760775E+00  0.9875904E-03  0.2521982E-03  0.4778872E-05  0.1104301E-03  0.0000000E+00 -0.1188858E+06  0.0000000E+00  0.0000000E+00  0.0000000E+00
 21.2003  0.1287560E+00  0.2927083E-01  0.2773562E+00  0.9797468E-03  0.2478680E-03  0.4844450E-05  0.1065195E-03  0.0000000E+00 -0.1188959E+06  0.0000000E+00  0.0000000E+00  0.0000000E+00
 21.2504  0.1296347E+00  0.2918290E-01  0.2792600E+00  0.9721823E-03  0.2436527E-03  0.5211260E-05  0.1036795E-03  0.0000000E+00 -0.1189081E+06  0.0000000E+00  0.0000000E+00  0.0000000E+00
 21.3006  0.1308040E+00  0.2897595E-01  0.2818530E+00  0.9649673E-03  0.2395788E-03  0.5307631E-05  0.1021764E-03  0.0000000E+00 -0.1189226E+06  0.0000000E+00  0.0000000E+00  0.0000000E+00
 21.3509  0.1322995E+00  0.2868739E-01  0.2851696E+00  0.9581429E-03  0.2356677E-03  0.4749470E-05  0.1018409E-03  0.0000000E+00 -0.1189391E+06  0.0000000E+00  0.0000000E+00  0.0000000E+00
 21.4012  0.1341482E+00  0.2836560E-01  0.2892195E+00  0.9517189E-03  0.2319325E-03  0.4747855E-05  0.1023967E-03  0.0000000E+00 -0.1189575E+06  0.0000000E+00  0.0000000E+00  0.0000000E+00
 21.4501  0.1362825E+00  0.2807020E-01  0.2938143E+00  0.9458605E-03  0.2284881E-03  0.4873722E-05  0.1036294E-03  0.0000000E+00 -0.1189770E+06  0.0000000E+00  0.0000000E+00  0.0000000E+00
 21.5007  0.1388354E+00  0.2782607E-01  0.2992048E+00  0.9401263E-03  0.2250987E-03  0.4522138E-05  0.1053723E-03  0.0000000E+00 -0.1189986E+06  0.0000000E+00  0.0000000E+00  0.0000000E+00
 21.5515  0.1417099E+00  0.2767766E-01  0.3051597E+00  0.9346527E-03  0.2218703E-03  0.4852427E-05  0.1074853E-03  0.0000000E+00 -0.1190211E+06  0.0000000E+00  0.0000000E+00  0.0000000E+00
 21.6007  0.1447488E+00  0.2764250E-01  0.3113473E+00  0.9295410E-03  0.2188855E-03  0.4918782E-05  0.1096777E-03  0.0000000E+00 -0.1190434E+06  0.0000000E+00  0.0000000E+00  0.0000000E+00
 21.6501  0.1479749E+00  0.2771626E-01  0.3178175E+00  0.9245546E-03  0.2160219E-03  0.4893048E-05  0.1118199E-03  0.0000000E+00 -0.1190661E+06  0.0000000E+00  0.0000000E+00  0.0000000E+00
 21.7013  0.1514221E+00  0.2789515E-01  0.3246400E+00  0.9194697E-03  0.2131675E-03  0.4784335E-05  0.1136314E-03  0.0000000E+00 -0.1190897E+06  0.0000000E+00  0.0000000E+00  0.0000000E+00
 21.7509  0.1547840E+00  0.2814442E-01  0.3312206E+00  0.9145694E-03  0.2104843E-03  0.5245564E-05  0.1145060E-03  0.0000000E+00 -0.1191125E+06  0.0000000E+00  0.0000000E+00  0.0000000E+00
 21.8007  0.1580864E+00  0.2843923E-01  0.3376317E+00  0.9096338E-03  0.2078509E-03  0.4884234E-05  0.1141107E-03  0.0000000E+00 -0.1191352E+06  0.0000000E+00  0.0000000E+00  0.0000000E+00
 21.8505  0.1612533E+00  0.2874566E-01  0.3437500E+00  0.9046254E-03  0.2052429E-03  0.5061635E-05  0.1122891E-03  0.0000000E+00 -0.1191578E+06  0.0000000E+00  0.0000000E+00  0.0000000E+00
 21.9005  0.1642199E+00  0.2902860E-01  0.3494802E+00  0.8995263E-03  0.2026417E-03  0.5475036E-05  0.1095051E-03  0.0000000E+00 -0.1191802E+06  0.0000000E+00  0.0000000E+00  0.0000000E+00
 21.9506  0.1669344E+00  0.2925549E-01  0.3547546E+00  0.8943538E-03  0.2000422E-03  0.4456058E-05  0.1064448E-03  0.0000000E+00 -0.1192022E+06  0.0000000E+00  0.0000000E+00  0.0000000E+00
 22.0007  0.1693605E+00  0.2939990E-01  0.3595331E+00  0.8891594E-03  0.1974526E-03  0.4913099E-05  0.1037390E-03  0.0000000E+00 -0.1192232E+06  0.0000000E+00  0.0000000E+00  0.0000000E+00
 22.0510  0.1714747E+00  0.2944594E-01  0.3637910E+00  0.8840015E-03  0.1948878E-03  0.5107457E-05  0.1016973E-03  0.0000000E+00 -0.1192430E+06  0.0000000E+00  0.0000000E+00  0.0000000E+00
 22.1013  0.1732663E+00  0.2939186E-01  0.3675130E+00  0.8789203E-03  0.1923598E-03  0.4833604E-05  0.1001668E-03  0.0000000E+00 -0.1192612E+06  0.0000000E+00  0.0000000E+00  0.0000000E+00
 22.1501  0.1746926E+00  0.2925843E-01  0.3705910E+00  0.8740819E-03  0.1899541E-03  0.4840092E-05  0.9880093E-04  0.0000000E+00 -0.1192769E+06  0.0000000E+00  0.0000000E+00  0.0000000E+00
 22.2007  0.1758623E+00  0.2906372E-01  0.3732285E+00  0.8691247E-03  0.1875017E-03  0.4470672E-05  0.9730466E-04  0.0000000E+00 -0.1192910E+06  0.0000000E+00  0.0000000E+00  0.0000000E+00
 22.2514  0.1767384E+00  0.2884926E-01  0.3753021E+00  0.8641709E-03  0.1850796E-03  0.4506962E-05  0.9568187E-04  0.0000000E+00 -0.1193031E+06  0.0000000E+00  0.0000000E+00  0.0000000E+00
 22.3005  0.1773290E+00  0.2866109E-01  0.3767711E+00  0.8593449E-03  0.1827624E-03  0.4880609E-05  0.9411865E-04  0.0000000E+00 -0.1193126E+06  0.0000000E+00  0.0000000E+00  0.0000000E+00
 22.3515  0.1777020E+00  0.2852206E-01  0.3777495E+00  0.8542832E-03  0.1803886E-03  0.4553423E-05  0.9252618E-04  0.0000000E+00 -0.1193205E+06  0.0000000E+00  0.0000000E+00  0.0000000E+00
 22.4009  0.1778640E+00  0.2846732E-01  0.3782036E+00  0.8493064E-03  0.1781159E-03  0.4553200E-05  0.9085977E-04  0.0000000E+00 -0.1193262E+06  0.0000000E+00  0.0000000E+00  0.0000000E+00
 22.4503  0.1778676E+00  0.2850651E-01  0.3782309E+00  0.8442481E-03  0.1758663E-03  0.4255485E-05  0.8883150E-04  0.0000000E+00 -0.1193303E+06  0.0000000E+00  0.0000000E+00  0.0000000E+00
 22.5016  0.1777413E+00  0.2865005E-01  0.3778783E+00  0.8389273E-03  0.1735612E-03  0.4543264E-05  0.8616555E-04  0.0000000E+00 -0.1193331E+06  0.0000000E+00  0.0000000E+00  0.0000000E+00
 22.5512  0.1775370E+00  0.2888272E-01  0.3772657E+00  0.8337274E-03  0.1713557E-03  0.4375311E-05  0.8299953E-04  0.0000000E+00 -0.1193349E+06  0.0000000E+00  0.0000000E+00  0.0000000E+00
 22.6009  0.1772938E+00  0.2919208E-01  0.3764899E+00  0.8285085E-03  0.1691742E-03  0.4751069E-05  0.7943414E-04  0.0000000E+00 -0.1193364E+06  0.0000000E+00  0.0000000E+00  0.0000000E+00
 22.6507  0.1770527E+00  0.2955401E-01  0.3756632E+00  0.8233176E-03  0.1670201E-03  0.4364789E-05  0.7571125E-04  0.0000000E+00 -0.1193384E+06  0.0000000E+00  0.0000000E+00  0.0000000E+00
 22.7005  0.1768534E+00  0.2993686E-01  0.3749020E+00  0.8182030E-03  0.1648973E-03  0.4414142E-05  0.7223238E-04  0.0000000E+00 -0.1193414E+06  0.0000000E+00  0.0000000E+00  0.0000000E+00
 22.7503  0.1767359E+00  0.3030203E-01  0.3743274E+00  0.8132215E-03  0.1628130E-03  0.4615898E-05  0.6942117E-04  0.0000000E+00 -0.1193459E+06  0.0000000E+00  0.0000000E+00  0.0000000E+00
 22.8002  0.1767363E+00  0.3060924E-01  0.3740532E+00  0.8084135E-03  0.1607720E-03  0.4414176E-05  0.6757825E-04  0.0000000E+00 -0.1193522E+06  0.0000000E+00  0.0000000E+00  0.0000000E+00
 22.8501  0.1768950E+00  0.3082193E-01  0.3741966E+00  0.8038181E-03  0.1587796E-03  0.4938135E-05  0.6680506E-04  0.0000000E+00 -0.1193605E+06  0.0000000E+00  0.0000000E+00  0.0000000E+00
 22.9001  0.1772524E+00  0.3091453E-01  0.3748650E+00  0.7994740E-03  0.1568408E-03  0.4734373E-05  0.6925041E-04  0.0000000E+00 -0.1193706E+06  0.0000000E+00  0.0000000E+00  0.0000000E+00
 22.9502  0.1778500E+00  0.3087401E-01  0.3761515E+00  0.7957859E-03  0.1551100E-03  0.4842895E-05  0.8044508E-04  0.0000000E+00 -0.1193825E+06  0.0000000E+00  0.0000000E+00  0.0000000E+00
 23.0003  0.1787300E+00  0.3070707E-01  0.3781317E+00  0.7925903E-03  0.1536711E-03  0.4903511E-05  0.9016025E-04  0.0000000E+00 -0.1193960E+06  0.0000000E+00  0.0000000E+00  0.0000000E+00
