    -5.00000
    -4.95227
    -4.90475
    -4.85744
    -4.81034
    -4.76345
    -4.71676
    -4.67029
    -4.62402
    -4.57796
    -4.53211
    -4.48647
    -4.44103
    -4.39581
    -4.35079
    -4.30598
    -4.26138
    -4.21699
    -4.17281
    -4.12884
    -4.08507
    -4.04151
    -3.99817
    -3.95503
    -3.91209
    -3.86937
    -3.82686
    -3.78455
    -3.74245
    -3.70056
    -3.65888
    -3.61741
    -3.57615
    -3.53509
    -3.49425
    -3.45361
    -3.41318
    -3.37296
    -3.33294
    -3.29314
    -3.25354
    -3.21416
    -3.17498
    -3.13601
    -3.09725
    -3.05869
    -3.02035
    -2.98221
    -2.94429
    -2.90657
    -2.86906
    -2.83176
    -2.79466
    -2.75778
    -2.72110
    -2.68463
    -2.64837
    -2.61232
    -2.57648
    -2.54085
    -2.50542
    -2.47020
    -2.43520
    -2.40040
    -2.36580
    -2.33142
    -2.29725
    -2.26328
    -2.22952
    -2.19598
    -2.16264
    -2.12950
    -2.09658
    -2.06387
    -2.03136
    -1.99906
    -1.96697
    -1.93509
    -1.90342
    -1.87196
    -1.84070
    -1.80965
    -1.77882
    -1.74819
    -1.71776
    -1.68755
    -1.65755
    -1.62775
    -1.59817
    -1.56879
    -1.53962
    -1.51065
    -1.48190
    -1.45336
    -1.42502
    -1.39689
    -1.36897
    -1.34126
    -1.31376
    -1.28647
    -1.25938
    -1.23251
    -1.20584
    -1.17938
    -1.15313
    -1.12709
    -1.10125
    -1.07563
    -1.05021
    -1.02500
    -1.00000
    -0.97500
    -0.95000
    -0.92500
    -0.90000
    -0.87500
    -0.85000
    -0.82500
    -0.80000
    -0.77500
    -0.75000
    -0.72500
    -0.70000
    -0.67500
    -0.65000
    -0.62500
    -0.60000
    -0.57500
    -0.55000
    -0.52500
    -0.50000
    -0.47500
    -0.45000
    -0.42500
    -0.40000
    -0.37500
    -0.35000
    -0.32500
    -0.30000
    -0.27500
    -0.25000
    -0.22500
    -0.20000
    -0.17500
    -0.15000
    -0.12500
    -0.10000
    -0.07500
    -0.05000
    -0.02500
     0.00000
     0.02200
     0.04395
     0.06586
     0.08771
     0.10952
     0.13128
     0.15299
     0.17465
     0.19627
     0.21783
     0.23935
     0.26082
     0.28224
     0.30361
     0.32494
     0.34622
     0.36745
     0.38863
     0.40976
     0.43084
     0.45188
     0.47287
     0.49381
     0.51470
     0.53554
     0.55634
     0.57708
     0.59778
     0.61843
     0.63904
     0.65959
     0.68010
     0.70055
     0.72096
     0.74133
     0.76164
     0.78190
     0.80212
     0.82229
     0.84241
     0.86248
     0.88251
     0.90248
     0.92241
     0.94229
     0.96212
     0.98190
     1.00164
     1.02133
     1.04096
     1.06055
     1.08010
     1.09959
     1.11904
     1.13843
     1.15778
     1.17708
     1.19634
     1.21554
     1.23470
     1.25381
     1.27287
     1.29188
     1.31084
     1.32976
     1.34863
     1.36745
     1.38622
     1.40494
     1.42361
     1.44224
     1.46082
     1.47935
     1.49783
     1.51627
     1.53465
     1.55299
     1.57128
     1.58952
     1.60771
     1.62586
     1.64395
     1.66200
     1.68000
     1.69795
     1.71586
     1.73371
     1.75152
     1.76928
     1.78699
     1.80465
     1.82227
     1.83983
     1.85735
     1.87482
     1.89224
     1.90961
     1.92694
     1.94422
     1.96145
     1.97863
     1.99576
     2.01284
     2.02988
     2.04687
     2.06381
     2.08070
     2.09754
     2.11434
     2.13108
     2.14778
     2.16443
     2.18104
     2.19759
     2.21410
     2.23055
     2.24696
     2.26333
     2.27964
     2.29590
     2.31212
     2.32829
     2.34441
     2.36048
     2.37651
     2.39248
     2.40841
     2.42429
     2.44012
     2.45590
     2.47164
     2.48733
     2.50296
     2.51855
     2.53410
     2.54959
     2.56504
     2.58043
     2.59578
     2.61108
     2.62634
     2.64154
     2.65670
     2.67181
     2.68687
     2.70188
     2.71684
     2.73176
     2.74663
     2.76145
     2.77622
     2.79094
     2.80561
     2.82024
     2.83482
     2.84935
     2.86383
     2.87827
     2.89265
     2.90699
     2.92128
     2.93552
     2.94971
     2.96386
     2.97795
     2.99200
     3.00600
     3.01995
     3.03386
     3.04771
     3.06152
     3.07528
     3.08899
     3.10265
     3.11627
     3.12983
     3.14335
     3.15682
     3.17024
     3.18361
     3.19694
     3.21022
     3.22345
     3.23663
     3.24976
     3.26284
     3.27588
     3.28887
     3.30181
     3.31470
     3.32754
     3.34034
     3.35308
     3.36578
     3.37843
     3.39104
     3.40359
     3.41610
     3.42855
     3.44096
     3.45333
     3.46564
     3.47790
     3.49012
     3.50229
     3.51441
     3.52648
     3.53851
     3.55048
     3.56241
     3.57429
     3.58612
     3.59790
     3.60964
     3.62133
     3.63296
     3.64455
     3.65610
     3.66759
     3.67904
     3.69043
     3.70178
     3.71308
     3.72434
     3.73554
     3.74670
     3.75781
     3.76887
     3.77988
     3.79084
     3.80176
     3.81263
     3.82345
     3.83422
     3.84494
     3.85561
     3.86624
     3.87682
     3.88735
     3.89783
     3.90827
     3.91865
     3.92899
     3.93928
     3.94952
     3.95971
     3.96986
     3.97995
     3.99000
     4.00000
     4.01000
     4.02000
     4.03000
     4.04000
     4.05000
     4.06000
     4.07000
     4.08000
     4.09000
     4.10000
     4.11000
     4.12000
     4.13000
     4.14000
     4.15000
     4.16000
     4.17000
     4.18000
     4.19000
     4.20000
     4.21000
     4.22000
     4.23000
     4.24000
     4.25000
     4.26000
     4.27000
     4.28000
     4.29000
     4.30000
     4.31000
     4.32000
     4.33000
     4.34000
     4.35000
     4.36000
     4.37000
     4.38000
     4.39000
     4.40000
     4.41000
     4.42000
     4.43000
     4.44000
     4.45000
     4.46000
     4.47000
     4.48000
     4.49000
     4.50000
     4.51000
     4.52000
     4.53000
     4.54000
     4.55000
     4.56000
     4.57000
     4.58000
     4.59000
     4.60000
     4.61000
     4.62000
     4.63000
     4.64000
     4.65000
     4.66000
     4.67000
     4.68000
     4.69000
     4.70000
     4.71000
     4.72000
     4.73000
     4.74000
     4.75000
     4.76000
     4.77000
     4.78000
     4.79000
     4.80000
     4.81000
     4.82000
     4.83000
     4.84000
     4.85000
     4.86000
     4.87000
     4.88000
     4.89000
     4.90000
     4.91000
     4.92000
     4.93000
     4.94000
     4.95000
     4.96000
     4.97000
     4.98000
     4.99000
     5.00000
     5.01000
     5.02000
     5.03000
     5.04000
     5.05000
     5.06000
     5.07000
     5.08000
     5.09000
     5.10000
     5.11000
     5.12000
     5.13000
     5.14000
     5.15000
     5.16000
     5.17000
     5.18000
     5.19000
     5.20000
     5.21000
     5.22000
     5.23000
     5.24000
     5.25000
     5.26000
     5.27000
     5.28000
     5.29000
     5.30000
     5.31000
     5.32000
     5.33000
     5.34000
     5.35000
     5.36000
     5.37000
     5.38000
     5.39000
     5.40000
     5.41000
     5.42000
     5.43000
     5.44000
     5.45000
     5.46000
     5.47000
     5.48000
     5.49000
     5.50000
     5.51000
     5.52000
     5.53000
     5.54000
     5.55000
     5.56000
     5.57000
     5.58000
     5.59000
     5.60000
     5.61000
     5.62000
     5.63000
     5.64000
     5.65000
     5.66000
     5.67000
     5.68000
     5.69000
     5.70000
     5.71000
     5.72000
     5.73000
     5.74000
     5.75000
     5.76000
     5.77000
     5.78000
     5.79000
     5.80000
     5.81000
     5.82000
     5.83000
     5.84000
     5.85000
     5.86000
     5.87000
     5.88000
     5.89000
     5.90000
     5.91000
     5.92000
     5.93000
     5.94000
     5.95000
     5.96000
     5.97000
     5.98000
     5.99000
     6.00000
     6.01000
     6.02000
     6.03000
     6.04000
     6.05000
     6.06000
     6.07000
     6.08000
     6.09000
     6.10000
     6.11000
     6.12000
     6.13000
     6.14000
     6.15000
     6.16000
     6.17000
     6.18000
     6.19000
     6.20000
     6.21000
     6.22000
     6.23000
     6.24000
     6.25000
     6.26000
     6.27000
     6.28000
     6.29000
     6.30000
     6.31000
     6.32000
     6.33000
     6.34000
     6.35000
     6.36000
     6.37000
     6.38000
     6.39000
     6.40000
     6.41000
     6.42000
     6.43000
     6.44000
     6.45000
     6.46000
     6.47000
     6.48000
     6.49000
     6.50000
     6.51000
     6.52000
     6.53000
     6.54000
     6.55000
     6.56000
     6.57000
     6.58000
     6.59000
     6.60000
     6.61000
     6.62000
     6.63000
     6.64000
     6.65000
     6.66000
     6.67000
     6.68000
     6.69000
     6.70000
     6.71000
     6.72000
     6.73000
     6.74000
     6.75000
     6.76000
     6.77000
     6.78000
     6.79000
     6.80000
     6.81000
     6.82000
     6.83000
     6.84000
     6.85000
     6.86000
     6.87000
     6.88000
     6.89000
     6.90000
     6.91000
     6.92000
     6.93000
     6.94000
     6.95000
     6.96000
     6.97000
     6.98000
     6.99000
     7.00000
     7.01000
     7.02000
     7.03000
     7.04000
     7.05000
     7.06000
     7.07000
     7.08000
     7.09000
     7.10000
     7.11000
     7.12000
     7.13000
     7.14000
     7.15000
     7.16000
     7.17000
     7.18000
     7.19000
     7.20000
     7.21000
     7.22000
     7.23000
     7.24000
     7.25000
     7.26000
     7.27000
     7.28000
     7.29000
     7.30000
     7.31000
     7.32000
     7.33000
     7.34000
     7.35000
     7.36000
     7.37000
     7.38000
     7.39000
     7.40000
     7.41000
     7.42000
     7.43000
     7.44000
     7.45000
     7.46000
     7.47000
     7.48000
     7.49000
     7.50000
     7.51000
     7.52000
     7.53000
     7.54000
     7.55000
     7.56000
     7.57000
     7.58000
     7.59000
     7.60000
     7.61000
     7.62000
     7.63000
     7.64000
     7.65000
     7.66000
     7.67000
     7.68000
     7.69000
     7.70000
     7.71000
     7.72000
     7.73000
     7.74000
     7.75000
     7.76000
     7.77000
     7.78000
     7.79000
     7.80000
     7.81000
     7.82000
     7.83000
     7.84000
     7.85000
     7.86000
     7.87000
     7.88000
     7.89000
     7.90000
     7.91000
     7.92000
     7.93000
     7.94000
     7.95000
     7.96000
     7.97000
     7.98000
     7.99000
     8.00000
     8.01000
     8.02000
     8.03000
     8.04000
     8.05000
     8.06000
     8.07000
     8.08000
     8.09000
     8.10000
     8.11000
     8.12000
     8.13000
     8.14000
     8.15000
     8.16000
     8.17000
     8.18000
     8.19000
     8.20000
     8.21000
     8.22000
     8.23000
     8.24000
     8.25000
     8.26000
     8.27000
     8.28000
     8.29000
     8.30000
     8.31000
     8.32000
     8.33000
     8.34000
     8.35000
     8.36000
     8.37000
     8.38000
     8.39000
     8.40000
     8.41000
     8.42000
     8.43000
     8.44000
     8.45000
     8.46000
     8.47000
     8.48000
     8.49000
     8.50000
     8.51000
     8.52000
     8.53000
     8.54000
     8.55000
     8.56000
     8.57000
     8.58000
     8.59000
     8.60000
     8.61000
     8.62000
     8.63000
     8.64000
     8.65000
     8.66000
     8.67000
     8.68000
     8.69000
     8.70000
     8.71000
     8.72000
     8.73000
     8.74000
     8.75000
     8.76000
     8.77000
     8.78000
     8.79000
     8.80000
     8.81000
     8.82000
     8.83000
     8.84000
     8.85000
     8.86000
     8.87000
     8.88000
     8.89000
     8.90000
     8.91000
     8.92000
     8.93000
     8.94000
     8.95000
     8.96000
     8.97000
     8.98000
     8.99000
     9.00000
     9.01000
     9.02000
     9.03000
     9.04000
     9.05000
     9.06000
     9.07000
     9.08000
     9.09000
     9.10000
     9.11000
     9.12000
     9.13000
     9.14000
     9.15000
     9.16000
     9.17000
     9.18000
     9.19000
     9.20000
     9.21000
     9.22000
     9.23000
     9.24000
     9.25000
     9.26000
     9.27000
     9.28000
     9.29000
     9.30000
     9.31000
     9.32000
     9.33000
     9.34000
     9.35000
     9.36000
     9.37000
     9.38000
     9.39000
     9.40000
     9.41000
     9.42000
     9.43000
     9.44000
     9.45000
     9.46000
     9.47000
     9.48000
     9.49000
     9.50000
     9.51000
     9.52000
     9.53000
     9.54000
     9.55000
     9.56000
     9.57000
     9.58000
     9.59000
     9.60000
     9.61000
     9.62000
     9.63000
     9.64000
     9.65000
     9.66000
     9.67000
     9.68000
     9.69000
     9.70000
     9.71000
     9.72000
     9.73000
     9.74000
     9.75000
     9.76000
     9.77000
     9.78000
     9.79000
     9.80000
     9.81000
     9.82000
     9.83000
     9.84000
     9.85000
     9.86000
     9.87000
     9.88000
     9.89000
     9.90000
     9.91000
     9.92000
     9.93000
     9.94000
     9.95000
     9.96000
     9.97000
     9.98000
     9.99000
    10.00000
    10.01000
    10.02015
    10.03045
    10.04090
    10.05151
    10.06226
    10.07317
    10.08422
    10.09543
    10.10678
    10.11829
    10.12995
    10.14176
    10.15372
    10.16583
    10.17809
    10.19050
    10.20307
    10.21578
    10.22864
    10.24166
    10.25482
    10.26814
    10.28161
    10.29523
    10.30899
    10.32291
    10.33698
    10.35121
    10.36558
    10.38010
    10.39477
    10.40960
    10.42457
    10.43970
    10.45497
    10.47040
    10.48598
    10.50171
    10.51759
    10.53362
    10.54980
    10.56613
    10.58261
    10.59925
    10.61603
    10.63296
    10.65005
    10.66729
    10.68467
    10.70221
    10.71990
    10.73774
    10.75573
    10.77387
    10.79216
    10.81060
    10.82920
    10.84794
    10.86683
    10.88588
    10.90508
    10.92442
    10.94392
    10.96357
    10.98337
    11.00332
    11.02342
    11.04367
    11.06407
    11.08462
    11.10533
    11.12618
    11.14719
    11.16834
    11.18965
    11.21111
    11.23271
    11.25447
    11.27638
    11.29844
    11.32065
    11.34302
    11.36553
    11.38819
    11.41101
    11.43397
    11.45709
    11.48035
    11.50377
    11.52734
    11.55106
    11.57492
    11.59894
    11.62312
    11.64744
    11.67191
    11.69653
    11.72131
    11.74623
    11.77131
    11.79653
    11.82191
    11.84744
    11.87312
    11.89894
    11.92492
    11.95106
    11.97734
    12.00377
    12.03035
    12.05709
    12.08397
    12.11101
    12.13819
    12.16553
    12.19302
    12.22065
    12.24844
    12.27638
    12.30447
    12.33271
    12.36111
    12.38965
    12.41834
    12.44719
    12.47618
    12.50533
    12.53462
    12.56407
    12.59367
    12.62342
    12.65332
    12.68337
    12.71357
    12.74392
    12.77442
    12.80508
    12.83588
    12.86683
    12.89794
    12.92920
    12.96060
    12.99216
    13.02387
    13.05573
    13.08774
    13.11990
    13.15221
    13.18467
    13.21729
    13.25005
    13.28296
    13.31603
    13.34925
    13.38261
    13.41613
    13.44980
    13.48362
    13.51759
    13.55171
    13.58598
    13.62040
    13.65497
    13.68970
    13.72457
    13.75960
    13.79477
    13.83010
    13.86558
    13.90121
    13.93698
    13.97291
    14.00899
    14.04523
    14.08161
    14.11814
    14.15482
    14.19166
    14.22864
    14.26578
    14.30307
    14.34050
    14.37809
    14.41583
    14.45372
    14.49176
    14.52995
    14.56829
    14.60678
    14.64543
    14.68422
    14.72317
    14.76226
    14.80151
    14.84090
    14.88045
    14.92015
    14.96000
    15.00000
    15.04000
