     0.00000
     0.00607
     0.01212
     0.01814
     0.02413
     0.03010
     0.03604
     0.04196
     0.04785
     0.05372
     0.05956
     0.06537
     0.07116
     0.07692
     0.08266
     0.08837
     0.09406
     0.09972
     0.10535
     0.11096
     0.11655
     0.12210
     0.12764
     0.13314
     0.13862
     0.14408
     0.14951
     0.15491
     0.16029
     0.16564
     0.17097
     0.17627
     0.18154
     0.18679
     0.19201
     0.19721
     0.20238
     0.20753
     0.21265
     0.21775
     0.22282
     0.22786
     0.23288
     0.23787
     0.24284
     0.24778
     0.25269
     0.25758
     0.26245
     0.26728
     0.27210
     0.27688
     0.28164
     0.28638
     0.29109
     0.29577
     0.30043
     0.30506
     0.30967
     0.31425
     0.31881
     0.32334
     0.32784
     0.33232
     0.33677
     0.34120
     0.34560
     0.34998
     0.35433
     0.35865
     0.36295
     0.36722
     0.37147
     0.37569
     0.37989
     0.38406
     0.38820
     0.39232
     0.39641
     0.40048
     0.40452
     0.40854
     0.41253
     0.41649
     0.42043
     0.42434
     0.42823
     0.43209
     0.43593
     0.43974
     0.44353
     0.44728
     0.45102
     0.45473
     0.45841
     0.46206
     0.46569
     0.46930
     0.47288
     0.47643
     0.47996
     0.48346
     0.48694
     0.49039
     0.49381
     0.49721
     0.50059
     0.50393
     0.50726
     0.51055
     0.51382
     0.51707
     0.52029
     0.52348
     0.52665
     0.52979
     0.53291
     0.53600
     0.53906
     0.54210
     0.54512
     0.54811
     0.55107
     0.55401
     0.55692
     0.55980
     0.56266
     0.56550
     0.56830
     0.57109
     0.57384
     0.57658
     0.57928
     0.58196
     0.58461
     0.58724
     0.58985
     0.59242
     0.59497
     0.59750
     0.60000
     0.60250
     0.60500
     0.60750
     0.61000
     0.61250
     0.61500
     0.61750
     0.62000
     0.62250
     0.62500
     0.62750
     0.63000
     0.63250
     0.63500
     0.63750
     0.64000
     0.64250
     0.64500
     0.64750
     0.65000
     0.65250
     0.65500
     0.65750
     0.66000
     0.66250
     0.66500
     0.66750
     0.67000
     0.67250
     0.67500
     0.67750
     0.68000
     0.68250
     0.68500
     0.68750
     0.69000
     0.69250
     0.69500
     0.69750
     0.70000
     0.70250
     0.70500
     0.70750
     0.71000
     0.71250
     0.71500
     0.71750
     0.72000
     0.72250
     0.72500
     0.72750
     0.73000
     0.73250
     0.73500
     0.73750
     0.74000
     0.74250
     0.74500
     0.74750
     0.75000
     0.75250
