  0.0000  0.0000000E+00  0.2452839E-06  0.0000000E+00  0.1500085E-04  0.8437977E-06  0.2154974E-07  0.0000000E+00  0.0000000E+00  0.0000000E+00  0.0000000E+00  0.0000000E+00  0.0000000E+00
  0.0584  0.1712059E-03  0.3220422E-04  0.2586529E-06  0.1484467E-04  0.8593016E-06  0.1442464E-07  0.7035997E-07  0.7840119E+03 -0.2744192E+05  0.0000000E+00  0.0000000E+00  0.0000000E+00
  0.1055  0.9323248E-03  0.1557782E-03  0.8200797E-05  0.1482355E-04  0.9467449E-06  0.2653657E-07  0.3878182E-07  0.7840119E+03 -0.2744192E+05  0.0000000E+00  0.0000000E+00  0.0000000E+00
  0.1515  0.2331463E-02  0.4135408E-03  0.5608285E-04  0.1482019E-04  0.1137912E-05  0.5769860E-07  0.8835564E-07  0.7840119E+03 -0.2744192E+05  0.0000000E+00  0.0000000E+00  0.0000000E+00
  0.2033  0.4821873E-02  0.9474666E-03  0.2373713E-03  0.1484538E-04  0.1554646E-05  0.2170208E-06  0.1725289E-06  0.7840119E+03 -0.2744192E+05  0.0000000E+00  0.0000000E+00  0.0000000E+00
  0.2537  0.8341270E-02  0.1821682E-02  0.6726693E-03  0.1498233E-04  0.2285455E-05  0.3347913E-06  0.4165281E-05  0.7840119E+03 -0.2744192E+05  0.0000000E+00  0.0000000E+00  0.0000000E+00
  0.3005  0.1271199E-01  0.3054390E-02  0.1465239E-02  0.1530965E-04  0.3413484E-05  0.3036746E-06  0.3621428E-05  0.7840119E+03 -0.2744192E+05  0.0000000E+00  0.0000000E+00  0.0000000E+00
  0.3518  0.1883423E-01  0.5000600E-02  0.2973304E-02  0.1558902E-04  0.5099742E-05  0.3950415E-06  0.1824918E-05  0.7840119E+03 -0.2744192E+05  0.0000000E+00  0.0000000E+00  0.0000000E+00
  0.4019  0.2622140E-01  0.7616674E-02  0.5313620E-02  0.1585487E-04  0.7244295E-05  0.5973277E-06  0.1032799E-05  0.7840119E+03 -0.2744192E+05  0.0000000E+00  0.0000000E+00  0.0000000E+00
  0.4528  0.3515228E-01  0.1109734E-01  0.8761279E-02  0.1615717E-04  0.9938626E-05  0.7957617E-06  0.8250182E-06  0.7840119E+03 -0.2744192E+05  0.0000000E+00  0.0000000E+00  0.0000000E+00
  0.5000  0.4460176E-01  0.1510272E-01  0.1297926E-01  0.1647425E-04  0.1288010E-04  0.1508227E-05  0.6911913E-06  0.7840119E+03 -0.2744192E+05  0.0000000E+00  0.0000000E+00  0.0000000E+00
  0.5517  0.5593136E-01  0.2027934E-01  0.1855857E-01  0.1686313E-04  0.1656022E-04  0.2510132E-05  0.8727056E-06  0.7840119E+03 -0.2744192E+05  0.0000000E+00  0.0000000E+00  0.0000000E+00
  0.6026  0.6767904E-01  0.2597638E-01  0.2463885E-01  0.1728249E-04  0.2062670E-04  0.2019861E-05  0.6580967E-06  0.7840119E+03 -0.2744192E+05  0.0000000E+00  0.0000000E+00  0.0000000E+00
  0.6535  0.7945992E-01  0.3189386E-01  0.3070895E-01  0.1772193E-04  0.2500196E-04  0.4160137E-05  0.5755149E-06  0.7840119E+03 -0.2744192E+05  0.0000000E+00  0.0000000E+00  0.0000000E+00
  0.7019  0.9014496E-01  0.3729011E-01  0.3592176E-01  0.1813022E-04  0.2918062E-04  0.5345921E-05  0.5181049E-06  0.7840119E+03 -0.2744192E+05  0.0000000E+00  0.0000000E+00  0.0000000E+00
  0.7501  0.9992402E-01  0.4208679E-01  0.4026164E-01  0.1850650E-04  0.3302712E-04  0.5362714E-05  0.5109145E-06  0.7840119E+03 -0.2744192E+05  0.0000000E+00  0.0000000E+00  0.0000000E+00
  0.8008  0.1089851E+00  0.4621156E-01  0.4378464E-01  0.1883953E-04  0.3633922E-04  0.6002081E-05  0.5218981E-06  0.7840120E+03 -0.2744192E+05  0.0000000E+00  0.0000000E+00  0.0000000E+00
  0.8529  0.1168212E+00  0.4934702E-01  0.4636193E-01  0.1908931E-04  0.3871044E-04  0.4486826E-05  0.5486619E-06  0.7840120E+03 -0.2744192E+05  0.0000000E+00  0.0000000E+00  0.0000000E+00
  0.9002  0.1226401E+00  0.5129979E-01  0.4793477E-01  0.1923398E-04  0.3999021E-04  0.5020075E-05  0.5523251E-06  0.7840121E+03 -0.2744192E+05  0.0000000E+00  0.0000000E+00  0.0000000E+00
  0.9536  0.1277632E+00  0.5269101E-01  0.4902223E-01  0.1931441E-04  0.4066609E-04  0.4582999E-05  0.5701667E-06  0.7840122E+03 -0.2744193E+05  0.0000000E+00  0.0000000E+00  0.0000000E+00
  1.0016  0.1311692E+00  0.5341717E-01  0.4954331E-01  0.1933399E-04  0.4084771E-04  0.4000245E-05  0.5873992E-06  0.7840124E+03 -0.2744194E+05  0.0000000E+00  0.0000000E+00  0.0000000E+00
  1.0508  0.1336303E+00  0.5383811E-01  0.4977684E-01  0.1932303E-04  0.4084132E-04  0.4307946E-05  0.6013389E-06  0.7840127E+03 -0.2744194E+05  0.0000000E+00  0.0000000E+00  0.0000000E+00
  1.1036  0.1352760E+00  0.5406433E-01  0.4983668E-01  0.1929255E-04  0.4076822E-04  0.6310985E-05  0.6011775E-06  0.7840131E+03 -0.2744196E+05  0.0000000E+00  0.0000000E+00  0.0000000E+00
  1.1505  0.1360109E+00  0.5415919E-01  0.4981287E-01  0.1926019E-04  0.4071605E-04  0.5344628E-05  0.6015506E-06  0.7840136E+03 -0.2744198E+05  0.0000000E+00  0.0000000E+00  0.0000000E+00
  1.2016  0.1361726E+00  0.5420905E-01  0.4976647E-01  0.1922627E-04  0.4070360E-04  0.4815988E-05  0.6035208E-06  0.7840145E+03 -0.2744201E+05  0.0000000E+00  0.0000000E+00  0.0000000E+00
  1.2532  0.1357869E+00  0.5423965E-01  0.4973683E-01  0.1919660E-04  0.4074264E-04  0.4554493E-05  0.6013311E-06  0.7840157E+03 -0.2744205E+05  0.0000000E+00  0.0000000E+00  0.0000000E+00
  1.3034  0.1349858E+00  0.5426752E-01  0.4974823E-01  0.1917445E-04  0.4082818E-04  0.4227994E-05  0.6000487E-06  0.7840174E+03 -0.2744211E+05  0.0000000E+00  0.0000000E+00  0.0000000E+00
  1.3522  0.1338932E+00  0.5430492E-01  0.4980120E-01  0.1915915E-04  0.4096102E-04  0.4429846E-05  0.5988192E-06  0.7840198E+03 -0.2744219E+05  0.0000000E+00  0.0000000E+00  0.0000000E+00
  1.4003  0.1325780E+00  0.5436080E-01  0.4989161E-01  0.1915002E-04  0.4114258E-04  0.5915888E-05  0.5979685E-06  0.7840229E+03 -0.2744230E+05  0.0000000E+00  0.0000000E+00  0.0000000E+00
  1.4515  0.1309655E+00  0.5444519E-01  0.5002317E-01  0.1914580E-04  0.4139074E-04  0.5170987E-05  0.6006010E-06  0.7840275E+03 -0.2744246E+05  0.0000000E+00  0.0000000E+00  0.0000000E+00
  1.5025  0.1291939E+00  0.5455571E-01  0.5018222E-01  0.1914722E-04  0.4168968E-04  0.4549347E-05  0.6052107E-06  0.7840339E+03 -0.2744269E+05  0.0000000E+00  0.0000000E+00  0.0000000E+00
  1.5534  0.1272963E+00  0.5469378E-01  0.5036353E-01  0.1915372E-04  0.4203435E-04  0.4916391E-05  0.6109329E-06  0.7840426E+03 -0.2744299E+05  0.0000000E+00  0.0000000E+00  0.0000000E+00
  1.6005  0.1254557E+00  0.5484344E-01  0.5054521E-01  0.1916279E-04  0.4238811E-04  0.5097082E-05  0.6173965E-06  0.7840535E+03 -0.2744337E+05  0.0000000E+00  0.0000000E+00  0.0000000E+00
  1.6516  0.1233852E+00  0.5502660E-01  0.5075549E-01  0.1917712E-04  0.4280298E-04  0.6411817E-05  0.6234338E-06  0.7840693E+03 -0.2744392E+05  0.0000000E+00  0.0000000E+00  0.0000000E+00
  1.7031  0.1212420E+00  0.5522852E-01  0.5097755E-01  0.1919419E-04  0.4324577E-04  0.6402786E-05  0.6302966E-06  0.7840906E+03 -0.2744467E+05  0.0000000E+00  0.0000000E+00  0.0000000E+00
  1.7508  0.1192103E+00  0.5542783E-01  0.5119346E-01  0.1921193E-04  0.4367367E-04  0.5437448E-05  0.6362310E-06  0.7841170E+03 -0.2744559E+05  0.0000000E+00  0.0000000E+00  0.0000000E+00
  1.8031  0.1169538E+00  0.5565649E-01  0.5143674E-01  0.1923348E-04  0.4415431E-04  0.5512585E-05  0.6415276E-06  0.7841550E+03 -0.2744693E+05  0.0000000E+00  0.0000000E+00  0.0000000E+00
  1.8519  0.1148192E+00  0.5587734E-01  0.5167019E-01  0.1925427E-04  0.4461126E-04  0.4761653E-05  0.6465285E-06  0.7842018E+03 -0.2744856E+05  0.0000000E+00  0.0000000E+00  0.0000000E+00
  1.9011  0.1126468E+00  0.5610569E-01  0.5191077E-01  0.1927528E-04  0.4507567E-04  0.5322211E-05  0.6504457E-06  0.7842632E+03 -0.2745071E+05  0.0000000E+00  0.0000000E+00  0.0000000E+00
  1.9504  0.1104520E+00  0.5633761E-01  0.5215721E-01  0.1929690E-04  0.4554210E-04  0.7390395E-05  0.6538812E-06  0.7843428E+03 -0.2745350E+05  0.0000000E+00  0.0000000E+00  0.0000000E+00
  2.0041  0.1080529E+00  0.5659149E-01  0.5242927E-01  0.1932036E-04  0.4604719E-04  0.6964446E-05  0.6572100E-06  0.7844553E+03 -0.2745744E+05  0.0000000E+00  0.0000000E+00  0.0000000E+00
