     0.00000
     0.02000
     0.04000
     0.06000
     0.08000
     0.10000
     0.12000
     0.14000
     0.16000
     0.18000
     0.20000
     0.22000
     0.24000
     0.26000
     0.28000
     0.30000
     0.32000
     0.34000
     0.36000
     0.38000
     0.40000
     0.42000
     0.44000
     0.46000
     0.48000
     0.50000
     0.52000
     0.54000
     0.56000
     0.58000
     0.60000
     0.62000
     0.64000
     0.66000
     0.68000
     0.70000
     0.72000
     0.74000
     0.76000
     0.78000
     0.80000
     0.82000
     0.84000
     0.86000
     0.88000
     0.90000
     0.92000
     0.94000
     0.96000
     0.98000
     1.00000
     1.02000
     1.04000
     1.06000
     1.08000
     1.10000
     1.12000
     1.14000
     1.16000
     1.18000
     1.20000
     1.22000
     1.24000
     1.26000
     1.28000
     1.30000
     1.32000
     1.34000
     1.36000
     1.38000
     1.40000
     1.42000
     1.44000
     1.46000
     1.48000
     1.50000
     1.52000
     1.54000
     1.56000
     1.58000
     1.60000
     1.62000
     1.64000
     1.66000
     1.68000
     1.70000
     1.72000
     1.74000
     1.76000
     1.78000
     1.80000
     1.82000
     1.84000
     1.86000
     1.88000
     1.90000
     1.92000
     1.94000
     1.96000
     1.98000
     2.00000
     2.02000
     2.04000
     2.06000
     2.08000
     2.10000
     2.12000
     2.14000
     2.16000
     2.18000
     2.20000
     2.22000
     2.24000
     2.26000
     2.28000
     2.30000
     2.32000
     2.34000
     2.36000
     2.38000
     2.40000
     2.42000
     2.44000
     2.46000
     2.48000
     2.50000
     2.52000
     2.54000
     2.56000
     2.58000
     2.60000
     2.62000
     2.64000
     2.66000
     2.68000
     2.70000
     2.72000
     2.74000
     2.76000
     2.78000
     2.80000
     2.82000
     2.84000
     2.86000
     2.88000
     2.90000
     2.92000
     2.94000
     2.96000
     2.98000
     3.00000
     3.02000
     3.04000
     3.06000
     3.08000
     3.10000
     3.12000
     3.14000
     3.16000
     3.18000
     3.20000
     3.22000
     3.24000
     3.26000
     3.28000
     3.30000
     3.32000
     3.34000
     3.36000
     3.38000
     3.40000
     3.42000
     3.44000
     3.46000
     3.48000
     3.50000
     3.52000
     3.54000
     3.56000
     3.58000
     3.60000
     3.62000
     3.64000
     3.66000
     3.68000
     3.70000
     3.72000
     3.74000
     3.76000
     3.78000
     3.80000
     3.82000
     3.84000
     3.86000
     3.88000
     3.90000
     3.92000
     3.94000
     3.96000
     3.98000
     4.00000
     4.02000
     4.04000
     4.06000
     4.08000
     4.10000
     4.12000
     4.14000
     4.16000
     4.18000
     4.20000
     4.22000
     4.24000
     4.26000
     4.28000
     4.30000
     4.32000
     4.34000
     4.36000
     4.38000
     4.40000
     4.42000
     4.44000
     4.46000
     4.48000
     4.50000
     4.52000
     4.54000
     4.56000
     4.58000
     4.60000
     4.62000
     4.64000
     4.66000
     4.68000
     4.70000
     4.72000
     4.74000
     4.76000
     4.78000
     4.80000
     4.82000
     4.84000
     4.86000
     4.88000
     4.90000
     4.92000
     4.94000
     4.96000
     4.98000
     5.00000
     5.02000
     5.04000
     5.06000
     5.08000
     5.10000
     5.12000
     5.14000
     5.16000
     5.18000
     5.20000
     5.22000
     5.24000
     5.26000
     5.28000
     5.30000
     5.32000
     5.34000
     5.36000
     5.38000
     5.40000
     5.42000
     5.44000
     5.46000
     5.48000
     5.50000
     5.52000
     5.54000
     5.56000
     5.58000
     5.60000
     5.62000
     5.64000
     5.66000
     5.68000
     5.70000
     5.72000
     5.74000
     5.76000
     5.78000
     5.80000
     5.82000
     5.84000
     5.86000
     5.88000
     5.90000
     5.92000
     5.94000
     5.96000
     5.98000
     6.00000
     6.02000
     6.04000
     6.06000
     6.08000
     6.10000
     6.12000
     6.14000
     6.16000
     6.18000
     6.20000
     6.22000
     6.24000
     6.26000
     6.28000
     6.30000
     6.32000
     6.34000
     6.36000
     6.38000
     6.40000
     6.42000
     6.44000
     6.46000
     6.48000
     6.50000
     6.52000
     6.54000
     6.56000
     6.58000
     6.60000
     6.62000
     6.64000
     6.66000
     6.68000
     6.70000
     6.72000
     6.74000
     6.76000
     6.78000
     6.80000
     6.82000
     6.84000
     6.86000
     6.88000
     6.90000
     6.92000
     6.94000
     6.96000
     6.98000
     7.00000
     7.02000
     7.04000
     7.06000
     7.08000
     7.10000
     7.12000
     7.14000
     7.16000
     7.18000
     7.20000
     7.22000
     7.24000
     7.26000
     7.28000
     7.30000
     7.32000
     7.34000
     7.36000
     7.38000
     7.40000
     7.42000
     7.44000
     7.46000
     7.48000
     7.50000
     7.52000
     7.54000
     7.56000
     7.58000
     7.60000
     7.62000
     7.64000
     7.66000
     7.68000
     7.70000
     7.72000
     7.74000
     7.76000
     7.78000
     7.80000
     7.82000
     7.84000
     7.86000
     7.88000
     7.90000
     7.92000
     7.94000
     7.96000
     7.98000
     8.00000
     8.02000
     8.04000
     8.06000
     8.08000
     8.10000
     8.12000
     8.14000
     8.16000
     8.18000
     8.20000
     8.22000
     8.24000
     8.26000
     8.28000
     8.30000
     8.32000
     8.34000
     8.36000
     8.38000
     8.40000
     8.42000
     8.44000
     8.46000
     8.48000
     8.50000
     8.52000
     8.54000
     8.56000
     8.58000
     8.60000
     8.62000
     8.64000
     8.66000
     8.68000
     8.70000
     8.72000
     8.74000
     8.76000
     8.78000
     8.80000
     8.82000
     8.84000
     8.86000
     8.88000
     8.90000
     8.92000
     8.94000
     8.96000
     8.98000
     9.00000
     9.02000
     9.04000
     9.06000
     9.08000
     9.10000
     9.12000
     9.14000
     9.16000
     9.18000
     9.20000
     9.22000
     9.24000
     9.26000
     9.28000
     9.30000
     9.32000
     9.34000
     9.36000
     9.38000
     9.40000
     9.42000
     9.44000
     9.46000
     9.48000
     9.50000
     9.52000
     9.54000
     9.56000
     9.58000
     9.60000
     9.62000
     9.64000
     9.66000
     9.68000
     9.70000
     9.72000
     9.74000
     9.76000
     9.78000
     9.80000
     9.82000
     9.84000
     9.86000
     9.88000
     9.90000
     9.92000
     9.94000
     9.96000
     9.98000
    10.00000
    10.02000
    10.04000
    10.06000
    10.08000
    10.10000
    10.12000
    10.14000
    10.16000
    10.18000
    10.20000
    10.22000
    10.24000
    10.26000
    10.28000
    10.30000
    10.32000
    10.34000
    10.36000
    10.38000
    10.40000
    10.42000
    10.44000
    10.46000
    10.48000
    10.50000
    10.52000
    10.54000
    10.56000
    10.58000
    10.60000
    10.62000
    10.64000
    10.66000
    10.68000
    10.70000
    10.72000
    10.74000
    10.76000
    10.78000
    10.80000
    10.82000
    10.84000
    10.86000
    10.88000
    10.90000
    10.92000
    10.94000
    10.96000
    10.98000
    11.00000
    11.02000
    11.04000
    11.06000
    11.08000
    11.10000
    11.12000
    11.14000
    11.16000
    11.18000
    11.20000
    11.22000
    11.24000
    11.26000
    11.28000
    11.30000
    11.32000
    11.34000
    11.36000
    11.38000
    11.40000
    11.42000
    11.44000
    11.46000
    11.48000
    11.50000
    11.52000
    11.54000
    11.56000
    11.58000
    11.60000
    11.62000
    11.64000
    11.66000
    11.68000
    11.70000
    11.72000
    11.74000
    11.76000
    11.78000
    11.80000
    11.82000
    11.84000
    11.86000
    11.88000
    11.90000
    11.92000
    11.94000
    11.96000
    11.98000
    12.00000
    12.02000
    12.04000
    12.06000
    12.08000
    12.10000
    12.12000
    12.14000
    12.16000
    12.18000
    12.20000
    12.22000
    12.24000
    12.26000
    12.28000
    12.30000
    12.32000
    12.34000
    12.36000
    12.38000
    12.40000
    12.42000
    12.44000
    12.46000
    12.48000
    12.50000
    12.52000
    12.54000
    12.56000
    12.58000
    12.60000
    12.62000
    12.64000
    12.66000
    12.68000
    12.70000
    12.72000
    12.74000
    12.76000
    12.78000
    12.80000
    12.82000
    12.84000
    12.86000
    12.88000
    12.90000
    12.92000
    12.94000
    12.96000
    12.98000
    13.00000
    13.02000
    13.04000
    13.06000
    13.08000
    13.10000
    13.12000
    13.14000
    13.16000
    13.18000
    13.20000
    13.22000
    13.24000
    13.26000
    13.28000
    13.30000
    13.32000
    13.34000
    13.36000
    13.38000
    13.40000
    13.42000
    13.44000
    13.46000
    13.48000
    13.50000
    13.52000
    13.54000
    13.56000
    13.58000
    13.60000
    13.62000
    13.64000
    13.66000
    13.68000
    13.70000
    13.72000
    13.74000
    13.76000
    13.78000
    13.80000
    13.82000
    13.84000
    13.86000
    13.88000
    13.90000
    13.92000
    13.94000
    13.96000
    13.98000
    14.00000
    14.02000
    14.04000
    14.06000
    14.08000
    14.10000
    14.12000
    14.14000
    14.16000
    14.18000
    14.20000
    14.22000
    14.24000
    14.26000
    14.28000
    14.30000
    14.32000
    14.34000
    14.36000
    14.38000
    14.40000
    14.42000
    14.44000
    14.46000
    14.48000
    14.50000
    14.52000
    14.54000
    14.56000
    14.58000
    14.60000
    14.62000
    14.64000
    14.66000
    14.68000
    14.70000
    14.72000
    14.74000
    14.76000
    14.78000
    14.80000
    14.82000
    14.84000
    14.86000
    14.88000
    14.90000
    14.92000
    14.94000
    14.96000
    14.98000
    15.00000
    15.02000
    15.04000
    15.06000
    15.08000
    15.10000
    15.12000
    15.14000
    15.16000
    15.18000
    15.20000
    15.22000
    15.24000
    15.26000
    15.28000
    15.30000
    15.32000
    15.34000
    15.36000
    15.38000
    15.40000
    15.42000
    15.44000
    15.46000
    15.48000
    15.50000
    15.52000
    15.54000
    15.56000
    15.58000
    15.60000
    15.62000
    15.64000
    15.66000
    15.68000
    15.70000
    15.72000
    15.74000
    15.76000
    15.78000
    15.80000
    15.82000
    15.84000
    15.86000
    15.88000
    15.90000
    15.92000
    15.94000
    15.96000
    15.98000
    16.00000
    16.02000
    16.04000
    16.06000
    16.08000
    16.10000
    16.12000
    16.14000
    16.16000
    16.18000
    16.20000
    16.22000
    16.24000
    16.26000
    16.28000
    16.30000
    16.32000
    16.34000
    16.36000
    16.38000
    16.40000
    16.42000
    16.44000
    16.46000
    16.48000
    16.50000
    16.52000
    16.54000
    16.56000
    16.58000
    16.60000
    16.62000
    16.64000
    16.66000
    16.68000
    16.70000
    16.72000
    16.74000
    16.76000
    16.78000
    16.80000
    16.82000
    16.84000
    16.86000
    16.88000
    16.90000
    16.92000
    16.94000
    16.96000
    16.98000
    17.00000
    17.02000
    17.04000
    17.06000
    17.08000
    17.10000
    17.12000
    17.14000
    17.16000
    17.18000
    17.20000
    17.22000
    17.24000
    17.26000
    17.28000
    17.30000
    17.32000
    17.34000
    17.36000
    17.38000
    17.40000
    17.42000
    17.44000
    17.46000
    17.48000
    17.50000
    17.52000
    17.54000
    17.56000
    17.58000
    17.60000
    17.62000
    17.64000
    17.66000
    17.68000
    17.70000
    17.72000
    17.74000
    17.76000
    17.78000
    17.80000
    17.82000
    17.84000
    17.86000
    17.88000
    17.90000
    17.92000
    17.94000
    17.96000
    17.98000
    18.00000
    18.02000
    18.04000
    18.06000
    18.08000
    18.10000
    18.12000
    18.14000
    18.16000
    18.18000
    18.20000
    18.22000
    18.24000
    18.26000
    18.28000
    18.30000
    18.32000
    18.34000
    18.36000
    18.38000
    18.40000
    18.42000
    18.44000
    18.46000
    18.48000
    18.50000
    18.52000
    18.54000
    18.56000
    18.58000
    18.60000
    18.62000
    18.64000
    18.66000
    18.68000
    18.70000
    18.72000
    18.74000
    18.76000
    18.78000
    18.80000
    18.82000
    18.84000
    18.86000
    18.88000
    18.90000
    18.92000
    18.94000
    18.96000
    18.98000
    19.00000
    19.02000
    19.04000
    19.06000
    19.08000
    19.10000
    19.12000
    19.14000
    19.16000
    19.18000
    19.20000
    19.22000
    19.24000
    19.26000
    19.28000
    19.30000
    19.32000
    19.34000
    19.36000
    19.38000
    19.40000
    19.42000
    19.44000
    19.46000
    19.48000
    19.50000
    19.52000
    19.54000
    19.56000
    19.58000
    19.60000
    19.62000
    19.64000
    19.66000
    19.68000
    19.70000
    19.72000
    19.74000
    19.76000
    19.78000
    19.80000
    19.82000
    19.84000
    19.86000
    19.88000
    19.90000
    19.92000
    19.94000
    19.96000
    19.98000
    20.00000
    20.02000
