     0.00000
     0.00350
     0.00700
     0.01050
     0.01400
     0.01750
     0.02100
     0.02450
     0.02800
     0.03150
     0.03500
     0.03850
     0.04200
     0.04550
     0.04900
     0.05250
     0.05600
     0.05950
     0.06300
     0.06650
     0.07000
     0.07350
     0.07700
     0.08050
     0.08400
     0.08750
     0.09100
     0.09450
     0.09800
     0.10150
     0.10500
     0.10850
     0.11200
     0.11550
     0.11900
     0.12250
     0.12600
     0.12950
     0.13300
     0.13650
     0.14000
     0.14350
     0.14700
     0.15050
     0.15400
     0.15750
     0.16100
     0.16450
     0.16800
     0.17150
     0.17500
     0.17850
     0.18200
     0.18550
     0.18900
     0.19250
     0.19600
     0.19950
     0.20300
     0.20650
     0.21000
     0.21350
     0.21700
     0.22050
     0.22400
     0.22750
     0.23100
     0.23450
     0.23800
     0.24150
     0.24500
     0.24850
     0.25200
     0.25550
     0.25900
     0.26250
     0.26600
     0.26950
     0.27300
     0.27650
     0.28000
     0.28350
     0.28700
     0.29050
     0.29400
     0.29750
     0.30100
     0.30450
     0.30800
     0.31150
     0.31500
     0.31850
     0.32200
     0.32550
     0.32900
     0.33250
     0.33600
     0.33950
     0.34300
     0.34650
     0.35000
     0.35350
     0.35700
     0.36050
     0.36400
     0.36750
     0.37100
     0.37450
     0.37800
     0.38150
     0.38500
     0.38850
     0.39200
     0.39550
     0.39900
     0.40250
     0.40600
     0.40950
     0.41300
     0.41650
     0.42000
     0.42350
     0.42700
     0.43050
     0.43400
     0.43750
     0.44100
     0.44450
     0.44800
     0.45150
     0.45500
     0.45850
     0.46200
     0.46550
     0.46900
     0.47250
     0.47600
     0.47950
     0.48300
     0.48650
     0.49000
     0.49350
     0.49700
     0.50050
     0.50400
     0.50750
     0.51100
     0.51450
     0.51800
     0.52150
     0.52500
     0.52850
     0.53200
     0.53550
     0.53900
     0.54250
     0.54600
     0.54950
     0.55300
     0.55650
     0.56000
     0.56350
     0.56700
     0.57050
     0.57400
     0.57750
     0.58100
     0.58450
     0.58800
     0.59150
     0.59500
     0.59850
     0.60200
     0.60550
     0.60900
     0.61250
     0.61600
     0.61950
     0.62300
     0.62650
     0.63000
     0.63350
     0.63700
     0.64050
     0.64400
     0.64750
     0.65100
     0.65450
     0.65800
     0.66150
     0.66500
     0.66850
     0.67200
     0.67550
     0.67900
     0.68250
     0.68600
     0.68950
     0.69300
     0.69650
     0.70000
     0.70350
