  0.0000  0.0000000E+00  0.7505101E-03  0.0000000E+00  0.4561712E-02  0.7803014E-03  0.8507350E-06  0.0000000E+00  0.0000000E+00  0.0000000E+00  0.0000000E+00  0.0000000E+00  0.0000000E+00
  0.0620 -0.1218366E-01  0.3462289E-02  0.1852595E-03  0.4498768E-02  0.7622225E-03  0.7808965E-06  0.4306333E-05  0.7840114E+05 -0.2744190E+07  0.0000000E+00  0.0000000E+00  0.0000000E+00
  0.1082 -0.1151659E-01  0.1133192E-02  0.1634750E-03  0.4464320E-02  0.7510985E-03  0.1434006E-05  0.3504986E-05  0.7840114E+05 -0.2744190E+07  0.0000000E+00  0.0000000E+00  0.0000000E+00
  0.1543 -0.2407348E-02  0.1508987E-01  0.1423900E-03  0.4431854E-02  0.7403957E-03  0.1219193E-05  0.2726811E-05  0.7840114E+05 -0.2744190E+07  0.0000000E+00  0.0000000E+00  0.0000000E+00
  0.2006  0.1534261E-01  0.4544031E-01  0.9962691E-03  0.4401048E-02  0.7301433E-03  0.8088475E-06  0.2062085E-05  0.7840114E+05 -0.2744190E+07  0.0000000E+00  0.0000000E+00  0.0000000E+00
  0.2625  0.5261086E-01  0.1113532E+00  0.6074410E-02  0.4362714E-02  0.7175460E-03  0.5969739E-06  0.1380262E-05  0.7840114E+05 -0.2744190E+07  0.0000000E+00  0.0000000E+00  0.0000000E+00
  0.3093  0.9110018E-01  0.1804287E+00  0.1555174E-01  0.4335924E-02  0.7091226E-03  0.5656243E-06  0.1152669E-05  0.7840114E+05 -0.2744190E+07  0.0000000E+00  0.0000000E+00  0.0000000E+00
  0.3565  0.1390308E+00  0.2679762E+00  0.3289978E-01  0.4310752E-02  0.7017848E-03  0.1287812E-05  0.7795821E-06  0.7840114E+05 -0.2744190E+07  0.0000000E+00  0.0000000E+00  0.0000000E+00
  0.4036  0.1958371E+00  0.3728201E+00  0.6065876E-01  0.4287570E-02  0.6958364E-03  0.2604597E-05  0.5269649E-06  0.7840114E+05 -0.2744190E+07  0.0000000E+00  0.0000000E+00  0.0000000E+00
  0.4513  0.2625169E+00  0.4990227E+00  0.1023426E+00  0.4266080E-02  0.6914032E-03  0.5148433E-05  0.3588716E-06  0.7840114E+05 -0.2744190E+07  0.0000000E+00  0.0000000E+00  0.0000000E+00
  0.5132  0.3625812E+00  0.6908808E+00  0.1818509E+00  0.4241282E-02  0.6883747E-03  0.5916117E-05  0.1659233E-05  0.7840114E+05 -0.2744190E+07  0.0000000E+00  0.0000000E+00  0.0000000E+00
  0.5579  0.4441856E+00  0.8499656E+00  0.2608415E+00  0.4225575E-02  0.6883202E-03  0.6603186E-05  0.2493234E-05  0.7840114E+05 -0.2744190E+07  0.0000000E+00  0.0000000E+00  0.0000000E+00
  0.6023  0.5328549E+00  0.1024941E+01  0.3596543E+00  0.4211885E-02  0.6902194E-03  0.7267187E-05  0.3057577E-05  0.7840114E+05 -0.2744190E+07  0.0000000E+00  0.0000000E+00  0.0000000E+00
  0.6611  0.6616788E+00  0.1280771E+01  0.5253276E+00  0.4196712E-02  0.6959691E-03  0.8582237E-05  0.3723720E-05  0.7840114E+05 -0.2744190E+07  0.0000000E+00  0.0000000E+00  0.0000000E+00
  0.7048  0.7657669E+00  0.1491868E+01  0.6769886E+00  0.4187633E-02  0.7028084E-03  0.8318533E-05  0.4092650E-05  0.7840114E+05 -0.2744190E+07  0.0000000E+00  0.0000000E+00  0.0000000E+00
  0.7623  0.9129217E+00  0.1795755E+01  0.9156570E+00  0.4178540E-02  0.7153226E-03  0.8443266E-05  0.5323886E-05  0.7840114E+05 -0.2744190E+07  0.0000000E+00  0.0000000E+00  0.0000000E+00
  0.8052  0.1030021E+01  0.2042515E+01  0.1123756E+01  0.4173866E-02  0.7273773E-03  0.8659418E-05  0.5068244E-05  0.7840114E+05 -0.2744190E+07  0.0000000E+00  0.0000000E+00  0.0000000E+00
  0.8620  0.1194546E+01  0.2396037E+01  0.1441254E+01  0.4170461E-02  0.7470923E-03  0.9230437E-05  0.5224849E-05  0.7840114E+05 -0.2744190E+07  0.0000000E+00  0.0000000E+00  0.0000000E+00
  0.9046  0.1324249E+01  0.2678910E+01  0.1709776E+01  0.4170003E-02  0.7646989E-03  0.1214992E-04  0.6434754E-05  0.7840114E+05 -0.2744190E+07  0.0000000E+00  0.0000000E+00  0.0000000E+00
  0.9616  0.1506294E+01  0.3083223E+01  0.2110895E+01  0.4172185E-02  0.7921730E-03  0.1164217E-04  0.7208906E-05  0.7840114E+05 -0.2744190E+07  0.0000000E+00  0.0000000E+00  0.0000000E+00
  1.0036  0.1645814E+01  0.3402143E+01  0.2435720E+01  0.4175727E-02  0.8152083E-03  0.1138013E-04  0.7123700E-05  0.7840114E+05 -0.2744190E+07  0.0000000E+00  0.0000000E+00  0.0000000E+00
  1.0595  0.1838643E+01  0.3850071E+01  0.2906331E+01  0.4182992E-02  0.8495982E-03  0.1691849E-04  0.9566277E-05  0.7840114E+05 -0.2744190E+07  0.0000000E+00  0.0000000E+00  0.0000000E+00
  1.1034  0.1994974E+01  0.4219086E+01  0.3303972E+01  0.4190617E-02  0.8794322E-03  0.1292130E-04  0.9273287E-05  0.7840114E+05 -0.2744190E+07  0.0000000E+00  0.0000000E+00  0.0000000E+00
  1.1631  0.2214272E+01  0.4746323E+01  0.3883183E+01  0.4203556E-02  0.9238954E-03  0.1594419E-04  0.9157170E-05  0.7840114E+05 -0.2744190E+07  0.0000000E+00  0.0000000E+00  0.0000000E+00
  1.2083  0.2384447E+01  0.5161095E+01  0.4347372E+01  0.4215170E-02  0.9602614E-03  0.1413656E-04  0.9747994E-05  0.7840114E+05 -0.2744190E+07  0.0000000E+00  0.0000000E+00  0.0000000E+00
  1.2544  0.2561191E+01  0.5598003E+01  0.4840822E+01  0.4228505E-02  0.9995252E-03  0.1836198E-04  0.9360834E-05  0.7840114E+05 -0.2744190E+07  0.0000000E+00  0.0000000E+00  0.0000000E+00
  1.3007  0.2741524E+01  0.6049817E+01  0.5353937E+01  0.4243058E-02  0.1040904E-02  0.1755210E-04  0.8927778E-05  0.7840114E+05 -0.2744190E+07  0.0000000E+00  0.0000000E+00  0.0000000E+00
  1.3631  0.2987994E+01  0.6673979E+01  0.6067906E+01  0.4264665E-02  0.1099280E-02  0.1640451E-04  0.9393587E-05  0.7840114E+05 -0.2744190E+07  0.0000000E+00  0.0000000E+00  0.0000000E+00
  1.4108  0.3178723E+01  0.7161677E+01  0.6627531E+01  0.4282386E-02  0.1145542E-02  0.2242179E-04  0.9568347E-05  0.7840114E+05 -0.2744190E+07  0.0000000E+00  0.0000000E+00  0.0000000E+00
  1.4596  0.3374421E+01  0.7665734E+01  0.7206162E+01  0.4301268E-02  0.1193683E-02  0.2330022E-04  0.9558315E-05  0.7840114E+05 -0.2744190E+07  0.0000000E+00  0.0000000E+00  0.0000000E+00
  1.5085  0.3571276E+01  0.8175567E+01  0.7789326E+01  0.4320784E-02  0.1242491E-02  0.1362528E-04  0.9564740E-05  0.7840114E+05 -0.2744190E+07  0.0000000E+00  0.0000000E+00  0.0000000E+00
  1.5579  0.3769719E+01  0.8690880E+01  0.8376601E+01  0.4340742E-02  0.1291749E-02  0.1603452E-04  0.9676180E-05  0.7840114E+05 -0.2744190E+07  0.0000000E+00  0.0000000E+00  0.0000000E+00
  1.6078  0.3969494E+01  0.9210191E+01  0.8965335E+01  0.4361050E-02  0.1341076E-02  0.2132090E-04  0.9859860E-05  0.7840114E+05 -0.2744190E+07  0.0000000E+00  0.0000000E+00  0.0000000E+00
  1.6582  0.4169443E+01  0.9726901E+01  0.9549481E+01  0.4381314E-02  0.1389818E-02  0.1770410E-04  0.1043161E-04  0.7840114E+05 -0.2744190E+07  0.0000000E+00  0.0000000E+00  0.0000000E+00
  1.7098  0.4371414E+01  0.1024827E+02  0.1013127E+02  0.4401560E-02  0.1438084E-02  0.1990652E-04  0.1094590E-04  0.7840114E+05 -0.2744190E+07  0.0000000E+00  0.0000000E+00  0.0000000E+00
  1.7630  0.4576582E+01  0.1077363E+02  0.1071161E+02  0.4421595E-02  0.1485724E-02  0.2094153E-04  0.1137557E-04  0.7840114E+05 -0.2744190E+07  0.0000000E+00  0.0000000E+00  0.0000000E+00
  1.8173  0.4781840E+01  0.1129426E+02  0.1127869E+02  0.4440944E-02  0.1531613E-02  0.2169512E-04  0.1186806E-04  0.7840114E+05 -0.2744190E+07  0.0000000E+00  0.0000000E+00  0.0000000E+00
  1.8542  0.4918189E+01  0.1163618E+02  0.1164649E+02  0.4453263E-02  0.1560911E-02  0.2338899E-04  0.1231544E-04  0.7840114E+05 -0.2744190E+07  0.0000000E+00  0.0000000E+00  0.0000000E+00
  1.9104  0.5120696E+01  0.1213571E+02  0.1217633E+02  0.4469890E-02  0.1602244E-02  0.1894584E-04  0.1277274E-04  0.7840114E+05 -0.2744190E+07  0.0000000E+00  0.0000000E+00  0.0000000E+00
  1.9676  0.5319436E+01  0.1261651E+02  0.1267621E+02  0.4485117E-02  0.1639983E-02  0.1704938E-04  0.1318284E-04  0.7840114E+05 -0.2744190E+07  0.0000000E+00  0.0000000E+00  0.0000000E+00
  2.0066  0.5450324E+01  0.1292792E+02  0.1299180E+02  0.4493613E-02  0.1662995E-02  0.2207518E-04  0.1346849E-04  0.7840114E+05 -0.2744190E+07  0.0000000E+00  0.0000000E+00  0.0000000E+00
  2.0666  0.5643894E+01  0.1337694E+02  0.1343703E+02  0.4504715E-02  0.1694093E-02  0.2390757E-04  0.1387707E-04  0.7840114E+05 -0.2744190E+07  0.0000000E+00  0.0000000E+00  0.0000000E+00
  2.1073  0.5769134E+01  0.1365982E+02  0.1370995E+02  0.4510882E-02  0.1712129E-02  0.2136160E-04  0.1415863E-04  0.7840114E+05 -0.2744190E+07  0.0000000E+00  0.0000000E+00  0.0000000E+00
  2.1691  0.5949816E+01  0.1405644E+02  0.1407925E+02  0.4517545E-02  0.1734830E-02  0.2000296E-04  0.1453103E-04  0.7840114E+05 -0.2744190E+07  0.0000000E+00  0.0000000E+00  0.0000000E+00
  2.2085  0.6058569E+01  0.1428535E+02  0.1428737E+02  0.4519978E-02  0.1746285E-02  0.2153807E-04  0.1473412E-04  0.7840114E+05 -0.2744190E+07  0.0000000E+00  0.0000000E+00  0.0000000E+00
  2.2646  0.6204485E+01  0.1458173E+02  0.1454591E+02  0.4520785E-02  0.1758762E-02  0.2030858E-04  0.1502509E-04  0.7840114E+05 -0.2744190E+07  0.0000000E+00  0.0000000E+00  0.0000000E+00
  2.3001  0.6291113E+01  0.1474946E+02  0.1468761E+02  0.4519757E-02  0.1764422E-02  0.1967769E-04  0.1511025E-04  0.7840114E+05 -0.2744190E+07  0.0000000E+00  0.0000000E+00  0.0000000E+00
  2.3519  0.6409372E+01  0.1497021E+02  0.1486531E+02  0.4516310E-02  0.1769860E-02  0.1967878E-04  0.1517650E-04  0.7840114E+05 -0.2744190E+07  0.0000000E+00  0.0000000E+00  0.0000000E+00
  2.4018  0.6513926E+01  0.1515539E+02  0.1500452E+02  0.4510617E-02  0.1772206E-02  0.1918332E-04  0.1529074E-04  0.7840114E+05 -0.2744190E+07  0.0000000E+00  0.0000000E+00  0.0000000E+00
  2.4655  0.6633720E+01  0.1535448E+02  0.1513995E+02  0.4500065E-02  0.1771601E-02  0.2080884E-04  0.1534994E-04  0.7840114E+05 -0.2744190E+07  0.0000000E+00  0.0000000E+00  0.0000000E+00
  2.5118  0.6710828E+01  0.1547566E+02  0.1521104E+02  0.4490453E-02  0.1769090E-02  0.2014294E-04  0.1538708E-04  0.7840114E+05 -0.2744190E+07  0.0000000E+00  0.0000000E+00  0.0000000E+00
  2.5570  0.6777997E+01  0.1557631E+02  0.1526043E+02  0.4479476E-02  0.1765257E-02  0.1972623E-04  0.1528129E-04  0.7840114E+05 -0.2744190E+07  0.0000000E+00  0.0000000E+00  0.0000000E+00
  2.6014  0.6836042E+01  0.1565968E+02  0.1529149E+02  0.4467585E-02  0.1760491E-02  0.2141595E-04  0.1526352E-04  0.7840115E+05 -0.2744190E+07  0.0000000E+00  0.0000000E+00  0.0000000E+00
  2.6599  0.6900395E+01  0.1574947E+02  0.1530941E+02  0.4449956E-02  0.1753036E-02  0.1603704E-04  0.1519264E-04  0.7840115E+05 -0.2744190E+07  0.0000000E+00  0.0000000E+00  0.0000000E+00
  2.7033  0.6939104E+01  0.1580302E+02  0.1530844E+02  0.4435910E-02  0.1746978E-02  0.1945711E-04  0.1516221E-04  0.7840115E+05 -0.2744190E+07  0.0000000E+00  0.0000000E+00  0.0000000E+00
  2.7618  0.6979144E+01  0.1586221E+02  0.1529139E+02  0.4415970E-02  0.1738475E-02  0.1892561E-04  0.1514954E-04  0.7840115E+05 -0.2744190E+07  0.0000000E+00  0.0000000E+00  0.0000000E+00
  2.8060  0.7000198E+01  0.1589914E+02  0.1526973E+02  0.4400405E-02  0.1731993E-02  0.1831357E-04  0.1510216E-04  0.7840115E+05 -0.2744190E+07  0.0000000E+00  0.0000000E+00  0.0000000E+00
  2.8507  0.7013490E+01  0.1593165E+02  0.1524243E+02  0.4384373E-02  0.1725493E-02  0.2320596E-04  0.1517962E-04  0.7840116E+05 -0.2744190E+07  0.0000000E+00  0.0000000E+00  0.0000000E+00
  2.9110  0.7018822E+01  0.1597211E+02  0.1520160E+02  0.4362890E-02  0.1716955E-02  0.2355304E-04  0.1521418E-04  0.7840116E+05 -0.2744190E+07  0.0000000E+00  0.0000000E+00  0.0000000E+00
  2.9575  0.7013201E+01  0.1600292E+02  0.1516987E+02  0.4346656E-02  0.1710573E-02  0.2109133E-04  0.1524141E-04  0.7840116E+05 -0.2744190E+07  0.0000000E+00  0.0000000E+00  0.0000000E+00
  3.0041  0.6999246E+01  0.1603558E+02  0.1514075E+02  0.4330918E-02  0.1704334E-02  0.1919068E-04  0.1528937E-04  0.7840117E+05 -0.2744191E+07  0.0000000E+00  0.0000000E+00  0.0000000E+00
  3.0512  0.6976874E+01  0.1607283E+02  0.1511652E+02  0.4316118E-02  0.1698348E-02  0.1896212E-04  0.1532248E-04  0.7840117E+05 -0.2744191E+07  0.0000000E+00  0.0000000E+00  0.0000000E+00
  3.1135  0.6934798E+01  0.1613106E+02  0.1509636E+02  0.4298101E-02  0.1691087E-02  0.1832640E-04  0.1543617E-04  0.7840118E+05 -0.2744191E+07  0.0000000E+00  0.0000000E+00  0.0000000E+00
  3.1605  0.6893849E+01  0.1618385E+02  0.1509284E+02  0.4286101E-02  0.1686476E-02  0.1779931E-04  0.1557256E-04  0.7840118E+05 -0.2744191E+07  0.0000000E+00  0.0000000E+00  0.0000000E+00
  3.2081  0.6844457E+01  0.1624722E+02  0.1510166E+02  0.4275649E-02  0.1682944E-02  0.1986837E-04  0.1574719E-04  0.7840119E+05 -0.2744191E+07  0.0000000E+00  0.0000000E+00  0.0000000E+00
  3.2557  0.6787529E+01  0.1632118E+02  0.1512506E+02  0.4266950E-02  0.1680884E-02  0.1664596E-04  0.1595656E-04  0.7840120E+05 -0.2744192E+07  0.0000000E+00  0.0000000E+00  0.0000000E+00
  3.3030  0.6723301E+01  0.1640684E+02  0.1516463E+02  0.4260557E-02  0.1680744E-02  0.1957144E-04  0.1619560E-04  0.7840120E+05 -0.2744192E+07  0.0000000E+00  0.0000000E+00  0.0000000E+00
  3.3502  0.6652356E+01  0.1650512E+02  0.1522140E+02  0.4256290E-02  0.1682850E-02  0.2678918E-04  0.1645576E-04  0.7840121E+05 -0.2744192E+07  0.0000000E+00  0.0000000E+00  0.0000000E+00
  3.4124  0.6548433E+01  0.1665480E+02  0.1532508E+02  0.4254026E-02  0.1689704E-02  0.2513313E-04  0.1683462E-04  0.7840123E+05 -0.2744193E+07  0.0000000E+00  0.0000000E+00  0.0000000E+00
  3.4590  0.6463261E+01  0.1678293E+02  0.1542551E+02  0.4255191E-02  0.1698416E-02  0.2291516E-04  0.1713881E-04  0.7840124E+05 -0.2744193E+07  0.0000000E+00  0.0000000E+00  0.0000000E+00
  3.5050  0.6372908E+01  0.1692354E+02  0.1554528E+02  0.4258822E-02  0.1710421E-02  0.2266202E-04  0.1744681E-04  0.7840125E+05 -0.2744194E+07  0.0000000E+00  0.0000000E+00  0.0000000E+00
  3.5505  0.6278040E+01  0.1707623E+02  0.1568394E+02  0.4264518E-02  0.1725849E-02  0.2153352E-04  0.1775790E-04  0.7840126E+05 -0.2744194E+07  0.0000000E+00  0.0000000E+00  0.0000000E+00
  3.6108  0.6144516E+01  0.1729912E+02  0.1589882E+02  0.4275927E-02  0.1752222E-02  0.2045474E-04  0.1816816E-04  0.7840129E+05 -0.2744195E+07  0.0000000E+00  0.0000000E+00  0.0000000E+00
  3.6555  0.6039605E+01  0.1747986E+02  0.1608241E+02  0.4287090E-02  0.1776437E-02  0.1957703E-04  0.1846829E-04  0.7840130E+05 -0.2744195E+07  0.0000000E+00  0.0000000E+00  0.0000000E+00
  3.7005  0.5929456E+01  0.1767477E+02  0.1628707E+02  0.4300512E-02  0.1804952E-02  0.2062026E-04  0.1876204E-04  0.7840132E+05 -0.2744196E+07  0.0000000E+00  0.0000000E+00  0.0000000E+00
  3.7605  0.5775849E+01  0.1795463E+02  0.1659090E+02  0.4322089E-02  0.1849684E-02  0.1892299E-04  0.1913163E-04  0.7840135E+05 -0.2744197E+07  0.0000000E+00  0.0000000E+00  0.0000000E+00
  3.8051  0.5656988E+01  0.1817637E+02  0.1683977E+02  0.4340363E-02  0.1887806E-02  0.1884743E-04  0.1938568E-04  0.7840137E+05 -0.2744198E+07  0.0000000E+00  0.0000000E+00  0.0000000E+00
  3.8641  0.5494298E+01  0.1848737E+02  0.1719701E+02  0.4367807E-02  0.1944661E-02  0.2048388E-04  0.1969163E-04  0.7840141E+05 -0.2744199E+07  0.0000000E+00  0.0000000E+00  0.0000000E+00
  3.9084  0.5368251E+01  0.1873315E+02  0.1748585E+02  0.4390595E-02  0.1991993E-02  0.2188636E-04  0.1989580E-04  0.7840144E+05 -0.2744200E+07  0.0000000E+00  0.0000000E+00  0.0000000E+00
  3.9524  0.5240079E+01  0.1898727E+02  0.1778939E+02  0.4414961E-02  0.2042781E-02  0.2178022E-04  0.2007700E-04  0.7840147E+05 -0.2744201E+07  0.0000000E+00  0.0000000E+00  0.0000000E+00
  4.0116  0.5062941E+01  0.1934437E+02  0.1822303E+02  0.4450423E-02  0.2116835E-02  0.2653057E-04  0.2028205E-04  0.7840152E+05 -0.2744203E+07  0.0000000E+00  0.0000000E+00  0.0000000E+00
