     0.00000
     0.03500
     0.07000
     0.10500
     0.14000
     0.17500
     0.21000
     0.24500
     0.28000
     0.31500
     0.35000
     0.38500
     0.42000
     0.45500
     0.49000
     0.52500
     0.56000
     0.59500
     0.63000
     0.66500
     0.70000
     0.73500
     0.77000
     0.80500
     0.84000
     0.87500
     0.91000
     0.94500
     0.98000
     1.01500
     1.05000
     1.08500
     1.12000
     1.15500
     1.19000
     1.22500
     1.26000
     1.29500
     1.33000
     1.36500
     1.40000
     1.43500
     1.47000
     1.50500
     1.54000
     1.57500
     1.61000
     1.64500
     1.68000
     1.71500
     1.75000
     1.78500
     1.82000
     1.85500
     1.89000
     1.92500
     1.96000
     1.99500
     2.03000
     2.06500
     2.10000
     2.13500
     2.17000
     2.20500
     2.24000
     2.27500
     2.31000
     2.34500
     2.38000
     2.41500
     2.45000
     2.48500
     2.52000
     2.55500
     2.59000
     2.62500
     2.66000
     2.69500
     2.73000
     2.76500
     2.80000
     2.83500
     2.87000
     2.90500
     2.94000
     2.97500
     3.01000
     3.04500
     3.08000
     3.11500
     3.15000
     3.18500
     3.22000
     3.25500
     3.29000
     3.32500
     3.36000
     3.39500
     3.43000
     3.46500
     3.50000
     3.53500
     3.57000
     3.60500
     3.64000
     3.67500
     3.71000
     3.74500
     3.78000
     3.81500
     3.85000
     3.88500
     3.92000
     3.95500
     3.99000
     4.02500
     4.06000
     4.09500
     4.13000
     4.16500
     4.20000
     4.23500
     4.27000
     4.30500
     4.34000
     4.37500
     4.41000
     4.44500
     4.48000
     4.51500
     4.55000
     4.58500
     4.62000
     4.65500
     4.69000
     4.72500
     4.76000
     4.79500
     4.83000
     4.86500
     4.90000
     4.93500
     4.97000
     5.00500
     5.04000
     5.07500
     5.11000
     5.14500
     5.18000
     5.21500
     5.25000
     5.28500
     5.32000
     5.35500
     5.39000
     5.42500
     5.46000
     5.49500
     5.53000
     5.56500
     5.60000
     5.63500
     5.67000
     5.70500
     5.74000
     5.77500
     5.81000
     5.84500
     5.88000
     5.91500
     5.95000
     5.98500
     6.02000
     6.05500
     6.09000
     6.12500
     6.16000
     6.19500
     6.23000
     6.26500
     6.30000
     6.33500
     6.37000
     6.40500
     6.44000
     6.47500
     6.51000
     6.54500
     6.58000
     6.61500
     6.65000
     6.68500
     6.72000
     6.75500
     6.79000
     6.82500
     6.86000
     6.89500
     6.93000
     6.96500
     7.00000
     7.03500
